param o := 0;
param s := 101;

set POI := 1 2 3 4 5 6 7 8 9 10 11 12 13 14 15 16 17 18 19 20 21 22 23 24 25 26 27 28 29 30 31 32 33 34 35 36 37 38 39 40 41 42 43 44 45 46 47 48 49 50 51 52 53 54 55 56 57 58 59 60 61 62 63 64 65 66 67 68 69 70 71 72 73 74 75 76 77 78 79 80 81 82 83 84 85 86 87 88 89 90 91 92 93 94 95 96 97 98 99 100;
set M := 1 2 3;
set Z := 1 2 3 4 5;


param e :=
0 1 0 0 2 0 0 3 0 0 4 0 0 5 0
1 1 1 1 2 1 1 3 0 1 4 0 1 5 0
2 1 0 2 2 1 2 3 0 2 4 0 2 5 0
3 1 0 3 2 1 3 3 0 3 4 0 3 5 0
4 1 1 4 2 1 4 3 1 4 4 0 4 5 0
5 1 1 5 2 1 5 3 0 5 4 0 5 5 1
6 1 1 6 2 1 6 3 1 6 4 0 6 5 0
7 1 1 7 2 1 7 3 0 7 4 0 7 5 0
8 1 1 8 2 0 8 3 0 8 4 0 8 5 0
9 1 1 9 2 0 9 3 0 9 4 0 9 5 0
10 1 1 10 2 1 10 3 0 10 4 0 10 5 0
11 1 1 11 2 1 11 3 0 11 4 0 11 5 0
12 1 1 12 2 1 12 3 0 12 4 0 12 5 0
13 1 1 13 2 0 13 3 1 13 4 0 13 5 0
14 1 0 14 2 0 14 3 1 14 4 0 14 5 0
15 1 1 15 2 0 15 3 0 15 4 0 15 5 1
16 1 1 16 2 1 16 3 0 16 4 0 16 5 0
17 1 1 17 2 0 17 3 0 17 4 0 17 5 0
18 1 1 18 2 1 18 3 0 18 4 0 18 5 0
19 1 1 19 2 1 19 3 0 19 4 0 19 5 0
20 1 1 20 2 1 20 3 1 20 4 0 20 5 0
21 1 1 21 2 0 21 3 0 21 4 1 21 5 0
22 1 1 22 2 1 22 3 0 22 4 0 22 5 0
23 1 1 23 2 0 23 3 1 23 4 0 23 5 0
24 1 1 24 2 0 24 3 0 24 4 0 24 5 0
25 1 1 25 2 1 25 3 0 25 4 0 25 5 0
26 1 1 26 2 0 26 3 0 26 4 0 26 5 0
27 1 1 27 2 1 27 3 0 27 4 0 27 5 0
28 1 1 28 2 1 28 3 1 28 4 0 28 5 0
29 1 1 29 2 1 29 3 0 29 4 0 29 5 0
30 1 1 30 2 0 30 3 0 30 4 0 30 5 0
31 1 1 31 2 1 31 3 1 31 4 0 31 5 1
32 1 0 32 2 1 32 3 1 32 4 0 32 5 0
33 1 1 33 2 1 33 3 0 33 4 0 33 5 0
34 1 1 34 2 0 34 3 1 34 4 0 34 5 0
35 1 1 35 2 0 35 3 0 35 4 0 35 5 0
36 1 1 36 2 0 36 3 0 36 4 0 36 5 0
37 1 1 37 2 0 37 3 1 37 4 0 37 5 0
38 1 1 38 2 1 38 3 0 38 4 0 38 5 0
39 1 1 39 2 0 39 3 0 39 4 0 39 5 0
40 1 1 40 2 1 40 3 1 40 4 0 40 5 0
41 1 1 41 2 1 41 3 0 41 4 0 41 5 0
42 1 1 42 2 1 42 3 1 42 4 1 42 5 0
43 1 1 43 2 1 43 3 0 43 4 0 43 5 0
44 1 1 44 2 1 44 3 0 44 4 0 44 5 0
45 1 1 45 2 0 45 3 0 45 4 0 45 5 0
46 1 1 46 2 1 46 3 1 46 4 0 46 5 1
47 1 1 47 2 1 47 3 0 47 4 0 47 5 0
48 1 1 48 2 1 48 3 0 48 4 0 48 5 0
49 1 1 49 2 0 49 3 0 49 4 0 49 5 0
50 1 1 50 2 1 50 3 1 50 4 0 50 5 0
51 1 1 51 2 1 51 3 1 51 4 0 51 5 0
52 1 1 52 2 1 52 3 1 52 4 0 52 5 0
53 1 1 53 2 0 53 3 0 53 4 0 53 5 0
54 1 1 54 2 0 54 3 0 54 4 0 54 5 0
55 1 1 55 2 1 55 3 1 55 4 0 55 5 0
56 1 0 56 2 1 56 3 0 56 4 0 56 5 0
57 1 1 57 2 0 57 3 0 57 4 0 57 5 0
58 1 1 58 2 1 58 3 0 58 4 0 58 5 0
59 1 1 59 2 0 59 3 0 59 4 0 59 5 0
60 1 1 60 2 0 60 3 1 60 4 0 60 5 0
61 1 1 61 2 1 61 3 0 61 4 0 61 5 0
62 1 1 62 2 1 62 3 0 62 4 0 62 5 0
63 1 0 63 2 0 63 3 1 63 4 0 63 5 1
64 1 1 64 2 1 64 3 0 64 4 0 64 5 0
65 1 1 65 2 0 65 3 1 65 4 0 65 5 0
66 1 1 66 2 1 66 3 0 66 4 0 66 5 0
67 1 1 67 2 1 67 3 0 67 4 0 67 5 0
68 1 0 68 2 1 68 3 0 68 4 0 68 5 0
69 1 1 69 2 0 69 3 0 69 4 0 69 5 0
70 1 1 70 2 1 70 3 0 70 4 1 70 5 0
71 1 1 71 2 0 71 3 0 71 4 1 71 5 0
72 1 1 72 2 0 72 3 0 72 4 1 72 5 0
73 1 1 73 2 1 73 3 0 73 4 0 73 5 0
74 1 0 74 2 1 74 3 0 74 4 0 74 5 0
75 1 1 75 2 1 75 3 0 75 4 0 75 5 0
76 1 1 76 2 1 76 3 1 76 4 0 76 5 0
77 1 1 77 2 1 77 3 1 77 4 0 77 5 0
78 1 0 78 2 1 78 3 1 78 4 0 78 5 0
79 1 1 79 2 0 79 3 0 79 4 0 79 5 0
80 1 1 80 2 0 80 3 0 80 4 0 80 5 0
81 1 1 81 2 0 81 3 0 81 4 0 81 5 0
82 1 1 82 2 0 82 3 1 82 4 0 82 5 0
83 1 1 83 2 0 83 3 1 83 4 0 83 5 0
84 1 1 84 2 1 84 3 0 84 4 0 84 5 0
85 1 1 85 2 0 85 3 1 85 4 0 85 5 0
86 1 1 86 2 1 86 3 0 86 4 0 86 5 0
87 1 1 87 2 1 87 3 1 87 4 0 87 5 0
88 1 0 88 2 1 88 3 0 88 4 0 88 5 0
89 1 1 89 2 1 89 3 1 89 4 0 89 5 1
90 1 0 90 2 1 90 3 1 90 4 0 90 5 0
91 1 0 91 2 1 91 3 0 91 4 0 91 5 0
92 1 1 92 2 1 92 3 0 92 4 0 92 5 0
93 1 1 93 2 1 93 3 0 93 4 1 93 5 0
94 1 1 94 2 0 94 3 1 94 4 0 94 5 0
95 1 1 95 2 0 95 3 0 95 4 0 95 5 0
96 1 0 96 2 1 96 3 0 96 4 0 96 5 0
97 1 1 97 2 1 97 3 0 97 4 0 97 5 0
98 1 1 98 2 1 98 3 0 98 4 0 98 5 0
99 1 1 99 2 0 99 3 0 99 4 1 99 5 0
100 1 0 100 2 0 100 3 0 100 4 0 100 5 0
101 1 0 101 2 0 101 3 0 101 4 0 101 5 0
;

param SCORE :=
0 0
1 10
2 30
3 10
4 10
5 10
6 20
7 20
8 20
9 10
10 10
11 10
12 20
13 30
14 10
15 40
16 40
17 20
18 20
19 10
20 10
21 20
22 20
23 10
24 10
25 40
26 10
27 10
28 20
29 10
30 10
31 20
32 30
33 40
34 20
35 10
36 10
37 20
38 30
39 20
40 10
41 10
42 20
43 10
44 10
45 10
46 30
47 10
48 10
49 10
50 10
51 10
52 10
53 20
54 40
55 10
56 30
57 40
58 30
59 10
60 20
61 10
62 20
63 50
64 10
65 10
66 10
67 10
68 10
69 10
70 30
71 20
72 10
73 10
74 50
75 20
76 10
77 10
78 20
79 10
80 10
81 30
82 20
83 10
84 20
85 30
86 10
87 20
88 30
89 10
90 10
91 10
92 20
93 40
94 10
95 30
96 10
97 30
98 20
99 10
100 20
101 0
;

param OT :=
0 0
1 885
2 802
3 25
4 699
5 15
6 580
7 142
8 220
9 499
10 331
11 420
12 617
13 30
14 541
15 362
16 448
17 75
18 142
19 244
20 10
21 888
22 776
23 709
24 25
25 142
26 582
27 234
28 523
29 335
30 422
31 181
32 31
33 52
34 719
35 252
36 639
37 357
38 457
39 538
40 236
41 132
42 27
43 16
44 332
45 512
46 417
47 982
48 601
49 969
50 783
51 695
52 883
53 255
54 150
55 63
56 359
57 35
58 439
59 607
60 529
61 491
62 235
63 147
64 601
65 50
66 802
67 12
68 712
69 889
70 353
71 260
72 422
73 442
74 323
75 962
76 175
77 539
78 78
79 636
80 744
81 47
82 344
83 228
84 425
85 527
86 141
87 56
88 614
89 705
90 20
91 809
92 331
93 453
94 260
95 174
96 64
97 531
98 30
99 705
100 608
101 0
;

param TT :=
0 0
1 90
2 90
3 90
4 90
5 90
6 90
7 90
8 90
9 90
10 90
11 90
12 90
13 90
14 90
15 90
16 90
17 90
18 90
19 90
20 90
21 90
22 90
23 90
24 90
25 90
26 90
27 90
28 90
29 90
30 90
31 90
32 90
33 90
34 90
35 90
36 90
37 90
38 90
39 90
40 90
41 90
42 90
43 90
44 90
45 90
46 90
47 90
48 90
49 90
50 90
51 90
52 90
53 90
54 90
55 90
56 90
57 90
58 90
59 90
60 90
61 90
62 90
63 90
64 90
65 90
66 90
67 90
68 90
69 90
70 90
71 90
72 90
73 90
74 90
75 90
76 90
77 90
78 90
79 90
80 90
81 90
82 90
83 90
84 90
85 90
86 90
87 90
88 90
89 90
90 90
91 90
92 90
93 90
94 90
95 90
96 90
97 90
98 90
99 90
100 90
101 0
;

param CT :=
0 1236
1 994
2 893
3 186
4 810
5 120
6 743
7 253
8 359
9 640
10 436
11 533
12 756
13 155
14 646
15 451
16 555
17 172
18 291
19 379
20 137
21 991
22 919
23 800
24 184
25 251
26 741
27 343
28 616
29 428
30 531
31 256
32 170
33 193
34 848
35 375
36 742
37 460
38 544
39 653
40 349
41 269
42 190
43 144
44 439
45 629
46 540
47 1127
48 724
49 1098
50 912
51 816
52 998
53 378
54 293
55 190
56 462
57 140
58 566
59 784
60 662
61 650
62 344
63 242
64 724
65 155
66 899
67 143
68 799
69 996
70 490
71 393
72 533
73 587
74 442
75 1103
76 288
77 678
78 201
79 763
80 845
81 201
82 445
83 375
84 556
85 640
86 270
87 173
88 739
89 834
90 148
91 916
92 478
93 540
94 361
95 261
96 187
97 652
98 139
99 858
100 765
101 1236
;

param t :=
0 1 18.68
0 2 20.62
0 3 16.12
0 4 18.11
0 5 15.13
0 6 19.0
0 7 16.0
0 8 18.11
0 9 20.1
0 10 16.76
0 11 19.65
0 12 38.08
0 13 30.81
0 14 39.36
0 15 36.06
0 16 40.31
0 17 33.3
0 18 35.36
0 19 39.05
0 20 10.0
0 21 10.2
0 22 12.17
0 23 13.0
0 24 15.0
0 25 15.13
0 26 15.81
0 27 17.12
0 28 17.72
0 29 20.0
0 30 20.62
0 31 33.54
0 32 31.62
0 33 33.53
0 34 32.39
0 35 38.08
0 36 35.36
0 37 39.29
0 38 41.23
0 39 40.31
0 40 20.62
0 41 18.68
0 42 19.31
0 43 16.55
0 44 21.54
0 45 22.36
0 46 20.59
0 47 18.03
0 48 23.32
0 49 19.21
0 50 22.8
0 51 25.0
0 52 21.21
0 53 45.18
0 54 40.05
0 55 35.06
0 56 45.0
0 57 35.0
0 58 45.04
0 59 35.06
0 60 45.28
0 61 22.36
0 62 18.03
0 63 14.14
0 64 21.54
0 65 12.81
0 66 16.55
0 67 12.21
0 68 20.62
0 69 15.81
0 70 58.52
0 71 57.01
0 72 23.85
0 73 55.71
0 74 19.85
0 75 15.81
0 76 52.2
0 77 52.0
0 78 50.29
0 79 51.08
0 80 51.48
0 81 47.43
0 82 35.36
0 83 32.39
0 84 31.05
0 85 29.73
0 86 26.48
0 87 25.5
0 88 26.93
0 89 24.35
0 90 20.62
0 91 22.36
0 92 44.2
0 93 43.01
0 94 40.61
0 95 37.2
0 96 36.06
0 97 40.31
0 98 30.81
0 99 33.54
0 100 38.08
0 101 0.0
1 0 18.68
1 2 2.0
1 3 3.61
1 4 3.0
1 5 4.24
1 6 5.1
1 7 5.39
1 8 7.0
1 9 7.28
1 10 10.2
1 11 10.05
1 12 26.25
1 13 24.04
1 14 28.6
1 15 27.73
1 16 30.23
1 17 27.89
1 18 30.81
1 19 32.31
1 20 23.43
1 21 21.93
1 22 23.35
1 23 21.4
1 24 26.91
1 25 25.61
1 26 23.85
1 27 27.2
1 28 25.55
1 29 30.81
1 30 28.18
1 31 48.1
1 32 44.82
1 33 46.4
1 34 43.57
1 35 51.86
1 36 46.14
1 37 51.31
1 38 53.0
1 39 50.54
1 40 39.29
1 41 37.36
1 42 37.95
1 43 35.11
1 44 40.16
1 45 40.85
1 46 39.0
1 47 36.25
1 48 41.63
1 49 37.12
1 50 40.71
1 51 42.94
1 52 38.59
1 53 63.01
1 54 58.08
1 55 53.08
1 56 63.2
1 57 53.24
1 58 63.39
1 59 53.46
1 60 63.79
1 61 38.33
1 62 33.38
1 63 28.44
1 64 38.12
1 65 28.16
1 66 33.06
1 67 28.07
1 68 38.0
1 69 33.0
1 70 62.8
1 71 59.91
1 72 38.83
1 73 60.44
1 74 33.96
1 75 3.0
1 76 55.8
1 77 57.38
1 78 54.2
1 79 56.64
1 80 58.73
1 81 51.86
1 82 32.7
1 83 29.97
1 84 26.93
1 85 24.35
1 86 24.7
1 87 23.85
1 88 21.54
1 89 20.59
1 90 19.85
1 91 17.0
1 92 27.8
1 93 26.25
1 94 24.41
1 95 20.81
1 96 19.21
1 97 22.67
1 98 14.76
1 99 15.62
1 100 19.72
1 101 18.68
2 0 20.62
2 1 2.0
2 3 5.0
2 4 3.61
2 5 5.83
2 6 5.1
2 7 6.4
2 8 7.28
2 9 7.0
2 10 10.77
2 11 10.05
2 12 25.0
2 13 23.54
2 14 27.46
2 15 26.93
2 16 29.15
2 17 27.46
2 18 30.41
2 19 31.62
2 20 25.0
2 21 23.43
2 22 24.76
2 23 22.67
2 24 28.28
2 25 26.91
2 26 25.0
2 27 28.43
2 28 26.63
2 29 32.02
2 30 29.15
2 31 49.5
2 32 46.1
2 33 47.63
2 34 44.65
2 35 53.15
2 36 47.17
2 37 52.43
2 38 54.08
2 39 51.48
2 40 41.23
2 41 39.29
2 42 39.85
2 43 37.0
2 44 42.06
2 45 42.72
2 46 40.85
2 47 38.08
2 48 43.46
2 49 38.91
2 50 42.49
2 51 44.72
2 52 40.31
2 53 65.01
2 54 60.07
2 55 55.08
2 56 65.19
2 57 55.23
2 58 65.38
2 59 55.44
2 60 65.76
2 61 40.31
2 62 35.36
2 63 30.41
2 64 40.11
2 65 30.15
2 66 35.06
2 67 30.07
2 68 40.0
2 69 35.0
2 70 64.03
2 71 61.03
2 72 40.79
2 73 61.72
2 74 35.9
2 75 5.0
2 76 57.01
2 77 58.73
2 78 55.44
2 79 58.0
2 80 60.21
2 81 53.15
2 82 33.54
2 83 30.89
2 84 27.73
2 85 25.08
2 86 25.81
2 87 25.0
2 88 22.36
2 89 21.63
2 90 21.21
2 91 18.03
2 92 26.63
2 93 25.0
2 94 23.32
2 95 19.72
2 96 18.03
2 97 21.21
2 98 13.93
2 99 14.14
2 100 18.03
2 101 20.62
3 0 16.12
3 1 3.61
3 2 5.0
3 4 2.0
3 5 1.0
3 6 3.61
3 7 2.0
3 8 4.47
3 9 5.66
3 10 7.0
3 11 7.62
3 12 25.5
3 13 21.93
3 14 27.59
3 15 26.08
3 16 29.07
3 17 25.63
3 18 28.46
3 19 30.41
3 20 20.0
3 21 18.44
3 22 19.8
3 23 17.8
3 24 23.35
3 25 22.02
3 26 20.25
3 27 23.6
3 28 21.95
3 29 27.2
3 30 24.6
3 31 44.55
3 32 41.23
3 33 42.8
3 34 39.96
3 35 48.27
3 36 42.54
3 37 47.71
3 38 49.4
3 39 46.96
3 40 36.67
3 41 34.71
3 42 35.17
3 43 32.28
3 44 37.36
3 45 37.95
3 46 36.06
3 47 33.24
3 48 38.63
3 49 34.01
3 50 37.58
3 51 39.81
3 52 35.36
3 53 61.03
3 54 56.0
3 55 51.0
3 56 61.03
3 57 51.04
3 58 61.13
3 59 51.16
3 60 61.4
3 61 36.88
3 62 32.02
3 63 27.2
3 64 36.5
3 65 26.68
3 66 31.4
3 67 26.48
3 68 36.12
3 69 31.14
3 70 64.07
3 71 61.4
3 72 37.64
3 73 61.61
3 74 32.89
3 75 3.16
3 76 57.14
3 77 58.41
3 78 55.47
3 79 57.63
3 80 59.41
3 81 53.01
3 82 34.79
3 83 31.95
3 84 29.12
3 85 26.68
3 86 26.4
3 87 25.5
3 88 23.77
3 89 22.47
3 90 21.1
3 91 18.97
3 92 31.4
3 93 29.83
3 94 28.02
3 95 24.41
3 96 22.8
3 97 26.17
3 98 18.36
3 99 19.1
3 100 23.02
3 101 16.12
4 0 18.11
4 1 3.0
4 2 3.61
4 3 2.0
4 5 3.0
4 6 2.24
4 7 2.83
4 8 4.0
4 9 4.47
4 10 7.28
4 11 7.07
4 12 24.04
4 13 21.19
4 14 26.25
4 15 25.06
4 16 27.8
4 17 25.0
4 18 27.89
4 19 29.55
4 20 21.63
4 21 20.0
4 22 21.26
4 23 19.1
4 24 24.76
4 25 23.35
4 26 21.4
4 27 24.84
4 28 23.02
4 29 28.43
4 30 25.55
4 31 45.97
4 32 42.52
4 33 44.05
4 34 41.05
4 35 49.58
4 36 43.57
4 37 48.83
4 38 50.48
4 39 47.89
4 40 38.64
4 41 36.67
4 42 37.11
4 43 34.21
4 44 39.29
4 45 39.85
4 46 37.95
4 47 35.11
4 48 40.5
4 49 35.85
4 50 39.4
4 51 41.63
4 52 37.12
4 53 63.03
4 54 58.0
4 55 53.0
4 56 63.03
4 57 53.04
4 58 63.13
4 59 53.15
4 60 63.39
4 61 38.83
4 62 33.96
4 63 29.12
4 64 38.47
4 65 28.64
4 66 33.38
4 67 28.44
4 68 38.12
4 69 33.14
4 70 65.22
4 71 62.43
4 72 39.56
4 73 62.8
4 74 34.79
4 75 4.24
4 76 58.25
4 77 59.67
4 78 56.61
4 79 58.9
4 80 60.81
4 81 54.2
4 82 35.47
4 83 32.7
4 84 29.73
4 85 27.2
4 86 27.29
4 87 26.42
4 88 24.35
4 89 23.26
4 90 22.2
4 91 19.7
4 92 30.23
4 93 28.6
4 94 26.93
4 95 23.32
4 96 21.63
4 97 24.76
4 98 17.46
4 99 17.69
4 100 21.4
4 101 18.11
5 0 15.13
5 1 4.24
5 2 5.83
5 3 1.0
5 4 3.0
5 6 4.47
5 7 2.24
5 8 5.0
5 9 6.4
5 10 7.07
5 11 8.06
5 12 26.25
5 13 22.36
5 14 28.28
5 15 26.63
5 16 29.73
5 17 26.0
5 18 28.79
5 19 30.89
5 20 19.21
5 21 17.69
5 22 19.1
5 23 17.2
5 24 22.67
5 25 21.4
5 26 19.72
5 27 23.02
5 28 21.47
5 29 26.63
5 30 24.17
5 31 43.86
5 32 40.61
5 33 42.2
5 34 39.45
5 35 47.63
5 36 42.06
5 37 47.17
5 38 48.88
5 39 46.52
5 40 35.69
5 41 33.73
5 42 34.21
5 43 31.32
5 44 36.4
5 45 37.0
5 46 35.11
5 47 32.31
5 48 37.7
5 49 33.11
5 50 36.67
5 51 38.91
5 52 34.48
5 53 60.03
5 54 55.0
5 55 50.0
5 56 60.03
5 57 50.04
5 58 60.13
5 59 50.16
5 60 60.41
5 61 35.9
5 62 31.05
5 63 26.25
5 64 35.51
5 65 25.71
5 66 30.41
5 67 25.5
5 68 35.13
5 69 30.15
5 70 63.51
5 71 60.9
5 72 36.69
5 73 61.03
5 74 31.95
5 75 3.0
5 76 56.6
5 77 57.8
5 78 54.92
5 79 57.01
5 80 58.73
5 81 52.43
5 82 34.48
5 83 31.62
5 84 28.86
5 85 26.48
5 86 26.0
5 87 25.08
5 88 23.54
5 89 22.14
5 90 20.59
5 91 18.68
5 92 32.02
5 93 30.48
5 94 28.6
5 95 25.0
5 96 23.43
5 97 26.91
5 98 18.87
5 99 19.85
5 100 23.85
5 101 15.13
6 0 19.0
6 1 5.1
6 2 5.1
6 3 3.61
6 4 2.24
6 5 4.47
6 7 3.0
6 8 2.24
6 9 2.24
6 10 5.83
6 11 5.0
6 12 21.93
6 13 18.97
6 14 24.08
6 15 22.83
6 16 25.61
6 17 22.8
6 18 25.71
6 19 27.31
6 20 21.47
6 21 19.72
6 22 20.81
6 23 18.44
6 24 24.21
6 25 22.67
6 26 20.52
6 27 24.04
6 28 22.02
6 29 27.59
6 30 24.41
6 31 45.34
6 32 41.73
6 33 43.19
6 34 40.0
6 35 48.8
6 36 42.44
6 37 47.8
6 38 49.41
6 39 46.65
6 40 39.32
6 41 37.34
6 42 37.66
6 43 34.71
6 44 39.81
6 45 40.26
6 46 38.33
6 47 35.44
6 48 40.8
6 49 36.06
6 50 39.56
6 51 41.79
6 52 37.16
6 53 64.12
6 54 59.03
6 55 54.04
6 56 64.0
6 57 54.0
6 58 64.03
6 59 54.04
6 60 64.2
6 61 40.26
6 62 35.44
6 63 30.68
6 64 39.81
6 65 30.08
6 66 34.71
6 67 29.83
6 68 39.32
6 69 34.37
6 70 67.42
6 71 64.66
6 72 41.11
6 73 65.0
6 74 36.4
6 75 6.4
6 76 60.46
6 77 61.85
6 78 58.82
6 79 61.07
6 80 62.94
6 81 56.4
6 82 37.7
6 83 34.93
6 84 31.95
6 85 29.41
6 86 29.53
6 87 28.65
6 88 26.57
6 89 25.5
6 90 24.41
6 91 21.93
6 92 31.38
6 93 29.68
6 94 28.18
6 95 24.6
6 96 22.83
6 97 25.61
6 98 18.97
6 99 18.6
6 100 21.93
6 101 19.0
7 0 16.0
7 1 5.39
7 2 6.4
7 3 2.0
7 4 2.83
7 5 2.24
7 6 3.0
7 8 2.83
7 9 4.47
7 10 5.0
7 11 5.83
7 12 24.21
7 13 20.12
7 14 26.17
7 15 24.41
7 16 27.59
7 17 23.77
7 18 26.57
7 19 28.65
7 20 18.87
7 21 17.2
7 22 18.44
7 23 16.28
7 24 21.93
7 25 20.52
7 26 18.6
7 27 22.02
7 28 20.25
7 29 25.61
7 30 22.83
7 31 43.14
7 32 39.7
7 33 41.23
7 34 38.28
7 35 46.75
7 36 40.82
7 37 46.04
7 38 47.71
7 39 45.18
7 40 36.35
7 41 34.37
7 42 34.71
7 43 31.78
7 44 36.88
7 45 37.36
7 46 35.44
7 47 32.57
7 48 37.95
7 49 33.24
7 50 36.77
7 51 39.0
7 52 34.44
7 53 61.13
7 54 56.04
7 55 51.04
7 56 61.0
7 57 51.0
7 58 61.03
7 59 51.04
7 60 61.2
7 61 37.36
7 62 32.57
7 63 27.86
7 64 36.88
7 65 27.2
7 66 31.78
7 67 26.93
7 68 36.35
7 69 31.4
7 70 65.73
7 71 63.13
7 72 38.28
7 73 63.25
7 74 33.62
7 75 5.1
7 76 58.83
7 77 60.0
7 78 57.14
7 79 59.2
7 80 60.88
7 81 54.64
7 82 36.69
7 83 33.84
7 84 31.05
7 85 28.64
7 86 28.23
7 87 27.31
7 88 25.71
7 89 24.35
7 90 22.83
7 91 20.88
7 92 33.02
7 93 31.4
7 94 29.68
7 95 26.08
7 96 24.41
7 97 27.59
7 98 20.12
7 99 20.52
7 100 24.21
7 101 16.0
8 0 18.11
8 1 7.0
8 2 7.28
8 3 4.47
8 4 4.0
8 5 5.0
8 6 2.24
8 7 2.83
8 9 2.0
8 10 3.61
8 11 3.16
8 12 21.4
8 13 17.46
8 14 23.35
8 15 21.63
8 16 24.76
8 17 21.19
8 18 24.04
8 19 25.94
8 20 19.7
8 21 17.89
8 22 18.87
8 23 16.4
8 24 22.2
8 25 20.62
8 26 18.38
8 27 21.93
8 28 19.85
8 29 25.46
8 30 22.2
8 31 43.28
8 32 39.6
8 33 41.04
8 34 37.8
8 35 46.67
8 36 40.22
8 37 45.61
8 38 47.2
8 39 44.42
8 40 38.12
8 41 36.12
8 42 36.35
8 43 33.38
8 44 38.47
8 45 38.83
8 46 36.88
8 47 33.96
8 48 39.29
8 49 34.48
8 50 37.95
8 51 40.16
8 52 35.47
8 53 63.29
8 54 58.14
8 55 53.15
8 56 63.03
8 57 53.04
8 58 63.0
8 59 53.0
8 60 63.07
8 61 39.85
8 62 35.11
8 63 30.46
8 64 39.29
8 65 29.73
8 66 34.21
8 67 29.41
8 68 38.64
8 69 33.73
8 70 68.51
8 71 65.86
8 72 40.85
8 73 66.03
8 74 36.25
8 75 7.62
8 76 61.59
8 77 62.8
8 78 59.91
8 79 62.01
8 80 63.7
8 81 57.43
8 82 39.22
8 83 36.4
8 84 33.53
8 85 31.05
8 86 30.87
8 87 29.97
8 88 28.16
8 89 26.93
8 90 25.55
8 91 23.41
8 92 33.62
8 93 31.91
8 94 30.41
8 95 26.83
8 96 25.06
8 97 27.8
8 98 21.19
8 99 20.81
8 100 24.04
8 101 18.11
9 0 20.1
9 1 7.28
9 2 7.0
9 3 5.66
9 4 4.47
9 5 6.4
9 6 2.24
9 7 4.47
9 8 2.0
9 10 5.0
9 11 3.16
9 12 19.85
9 13 16.76
9 14 21.93
9 15 20.59
9 16 23.43
9 17 20.62
9 18 23.54
9 19 25.08
9 20 21.54
9 21 19.7
9 22 20.59
9 23 18.03
9 24 23.85
9 25 22.2
9 26 19.85
9 27 23.43
9 28 21.21
9 29 26.91
9 30 23.43
9 31 44.82
9 32 41.04
9 33 42.43
9 34 39.05
9 35 48.1
9 36 41.4
9 37 46.86
9 38 48.41
9 39 45.49
9 40 40.11
9 41 38.12
9 42 38.33
9 43 35.36
9 44 40.45
9 45 40.79
9 46 38.83
9 47 35.9
9 48 41.23
9 49 36.4
9 50 39.85
9 51 42.06
9 52 37.34
9 53 65.28
9 54 60.13
9 55 55.15
9 56 65.03
9 57 55.04
9 58 65.0
9 59 55.0
9 60 65.07
9 61 41.76
9 62 37.0
9 63 32.31
9 64 41.23
9 65 31.62
9 66 36.14
9 67 31.32
9 68 40.61
9 69 35.69
9 70 69.63
9 71 66.89
9 72 42.72
9 73 67.2
9 74 38.08
9 75 8.6
9 76 62.68
9 77 64.03
9 78 61.03
9 79 63.25
9 80 65.07
9 81 58.6
9 82 39.92
9 83 37.16
9 84 34.18
9 85 31.62
9 86 31.76
9 87 30.89
9 88 28.79
9 89 27.73
9 90 26.63
9 91 24.17
9 92 32.65
9 93 30.89
9 94 29.55
9 95 26.0
9 96 24.17
9 97 26.63
9 98 20.62
9 99 19.72
9 100 22.67
9 101 20.1
10 0 16.76
10 1 10.2
10 2 10.77
10 3 7.0
10 4 7.28
10 5 7.07
10 6 5.83
10 7 5.0
10 8 3.61
10 9 5.0
10 11 3.0
10 12 21.47
10 13 15.81
10 14 23.02
10 15 20.52
10 16 24.21
10 17 19.24
10 18 21.93
10 19 24.41
10 20 16.76
10 21 14.87
10 22 15.65
10 23 13.04
10 24 18.87
10 25 17.2
10 26 14.87
10 27 18.44
10 28 16.28
10 29 21.93
10 30 18.6
10 31 39.82
10 32 36.07
10 33 37.48
10 34 34.21
10 35 43.14
10 36 36.62
10 37 42.01
10 38 43.6
10 39 40.82
10 40 36.0
10 41 34.0
10 42 34.06
10 43 31.06
10 44 36.12
10 45 36.35
10 46 34.37
10 47 31.4
10 48 36.67
10 49 31.78
10 50 35.17
10 51 37.36
10 52 32.57
10 53 61.66
10 54 56.44
10 55 51.48
10 56 61.2
10 57 51.24
10 58 61.07
10 59 51.09
10 60 61.0
10 61 39.0
10 62 34.44
10 63 30.02
10 64 38.28
10 65 29.07
10 66 33.24
10 67 28.64
10 68 37.36
10 69 32.57
10 70 69.97
10 71 67.54
10 72 40.25
10 73 67.42
10 74 35.85
10 75 10.05
10 76 63.13
10 77 64.07
10 78 61.4
10 79 63.25
10 80 64.66
10 81 58.83
10 82 41.48
10 83 38.6
10 84 35.9
10 85 33.54
10 86 32.89
10 87 31.95
10 88 30.59
10 89 29.12
10 90 27.31
10 91 25.71
10 92 37.22
10 93 35.51
10 94 34.0
10 95 30.41
10 96 28.65
10 97 31.4
10 98 24.7
10 99 24.41
10 100 27.59
10 101 16.76
11 0 19.65
11 1 10.05
11 2 10.05
11 3 7.62
11 4 7.07
11 5 8.06
11 6 5.0
11 7 5.83
11 8 3.16
11 9 3.16
11 10 3.0
11 12 18.87
11 13 14.32
11 14 20.62
11 15 18.6
11 16 21.93
11 17 18.03
11 18 20.88
11 19 22.83
11 20 19.65
11 21 17.72
11 22 18.38
11 23 15.65
11 24 21.47
11 25 19.72
11 26 17.2
11 27 20.81
11 28 18.44
11 29 24.21
11 30 20.52
11 31 42.2
11 32 38.29
11 33 39.62
11 34 36.12
11 35 45.34
11 36 38.42
11 37 43.93
11 38 45.45
11 39 42.44
11 40 39.0
11 41 37.0
11 42 37.05
11 43 34.06
11 44 39.12
11 45 39.32
11 46 37.34
11 47 34.37
11 48 39.62
11 49 34.71
11 50 38.08
11 51 40.26
11 52 35.44
11 53 64.63
11 54 59.41
11 55 54.45
11 56 64.2
11 57 54.23
11 58 64.07
11 59 54.08
11 60 64.0
11 61 41.79
11 62 37.16
11 63 32.65
11 64 41.11
11 65 31.78
11 66 36.06
11 67 31.38
11 68 40.26
11 69 35.44
11 70 71.56
11 71 68.96
11 72 42.95
11 73 69.07
11 74 38.47
11 75 10.77
11 76 64.66
11 77 65.8
11 78 62.97
11 79 65.0
11 80 66.6
11 81 60.46
11 82 42.38
11 83 39.56
11 84 36.69
11 85 34.21
11 86 34.01
11 87 33.11
11 88 31.32
11 89 30.08
11 90 28.65
11 91 26.57
11 92 35.78
11 93 34.0
11 94 32.7
11 95 29.15
11 96 27.31
11 97 29.68
11 98 23.77
11 99 22.83
11 100 25.61
11 101 19.65
12 0 38.08
12 1 26.25
12 2 25.0
12 3 25.5
12 4 24.04
12 5 26.25
12 6 21.93
12 7 24.21
12 8 21.4
12 9 19.85
12 10 21.47
12 11 18.87
12 13 10.44
12 14 3.0
12 15 7.07
12 16 5.0
12 17 12.21
12 18 14.14
12 19 11.18
12 20 35.36
12 21 33.38
12 22 33.14
12 23 30.15
12 24 35.0
12 25 33.0
12 26 30.0
12 27 33.06
12 28 30.07
12 29 35.36
12 30 30.41
12 31 52.2
12 32 47.43
12 33 48.1
12 34 43.46
12 35 53.85
12 36 44.72
12 37 50.54
12 38 51.48
12 39 47.17
12 40 55.9
12 41 53.94
12 42 53.6
12 43 50.64
12 44 55.44
12 45 55.23
12 46 53.24
12 47 50.25
12 48 55.08
12 49 50.09
12 50 53.01
12 51 55.0
12 52 50.0
12 53 82.23
12 54 76.9
12 55 72.03
12 56 81.39
12 57 71.59
12 58 81.05
12 59 71.2
12 60 80.62
12 61 60.42
12 62 55.9
12 63 51.48
12 64 59.62
12 65 50.54
12 66 54.63
12 67 50.09
12 68 58.52
12 69 53.85
12 70 89.02
12 71 86.02
12 72 61.72
12 73 86.68
12 74 57.31
12 75 28.28
12 76 82.01
12 77 83.63
12 78 80.43
12 79 82.88
12 80 84.85
12 81 78.1
12 82 58.31
12 83 55.76
12 84 52.48
12 85 49.74
12 86 50.8
12 87 50.0
12 88 47.17
12 89 46.62
12 90 46.1
12 91 43.01
12 92 42.0
12 93 40.0
12 94 40.11
12 95 37.34
12 96 35.36
12 97 35.0
12 98 34.48
12 99 30.41
12 100 30.0
12 101 38.08
13 0 30.81
13 1 24.04
13 2 23.54
13 3 21.93
13 4 21.19
13 5 22.36
13 6 18.97
13 7 20.12
13 8 17.46
13 9 16.76
13 10 15.81
13 11 14.32
13 12 10.44
13 14 10.0
13 15 5.39
13 16 10.2
13 17 4.0
13 18 7.0
13 19 8.6
13 20 26.25
13 21 24.35
13 22 23.77
13 23 20.88
13 24 25.18
13 25 23.19
13 26 20.22
13 27 23.02
13 28 20.02
13 29 25.08
13 30 20.1
13 31 41.76
13 32 37.0
13 33 37.7
13 34 33.11
13 35 43.46
13 36 34.48
13 37 40.31
13 38 41.34
13 39 37.2
13 40 46.84
13 41 44.92
13 42 44.38
13 43 41.48
13 44 46.1
13 45 45.71
13 46 43.74
13 47 40.79
13 48 45.4
13 49 40.45
13 50 43.19
13 51 45.1
13 52 40.11
13 53 73.38
13 54 68.01
13 55 63.25
13 56 72.28
13 57 62.64
13 58 71.81
13 59 62.1
13 60 71.2
13 61 53.0
13 62 48.83
13 63 44.82
13 64 51.97
13 65 43.6
13 66 47.17
13 67 43.01
13 68 50.54
13 69 46.14
13 70 85.76
13 71 83.24
13 72 54.64
13 73 83.22
13 74 50.61
13 75 25.08
13 76 78.89
13 77 79.88
13 78 77.18
13 79 79.06
13 80 80.43
13 81 74.63
13 82 56.65
13 83 53.85
13 84 50.92
13 85 48.38
13 86 48.33
13 87 47.42
13 88 45.54
13 89 44.38
13 90 42.94
13 91 40.85
13 92 46.1
13 93 44.15
13 94 43.57
13 95 40.31
13 96 38.33
13 97 39.29
13 98 36.0
13 99 33.38
13 100 34.48
13 101 30.81
14 0 39.36
14 1 28.6
14 2 27.46
14 3 27.59
14 4 26.25
14 5 28.28
14 6 24.08
14 7 26.17
14 8 23.35
14 9 21.93
14 10 23.02
14 11 20.62
14 12 3.0
14 13 10.0
14 15 5.39
14 16 2.0
14 17 10.77
14 18 12.21
14 19 8.6
14 20 35.9
14 21 33.96
14 22 33.54
14 23 30.59
14 24 35.13
14 25 33.14
14 26 30.15
14 27 33.02
14 28 30.02
14 29 35.06
14 30 30.07
14 31 51.42
14 32 46.57
14 33 47.13
14 34 42.38
14 35 52.81
14 36 43.46
14 37 49.24
14 38 50.09
14 39 45.65
14 40 56.52
14 41 54.57
14 42 54.13
14 43 51.2
14 44 55.9
14 45 55.58
14 46 53.6
14 47 50.64
14 48 55.33
14 49 50.36
14 50 53.15
14 51 55.08
14 52 50.09
14 53 82.97
14 54 77.62
14 55 72.8
14 56 82.0
14 57 72.28
14 58 81.58
14 59 71.81
14 60 81.05
14 61 61.72
14 62 57.31
14 63 53.0
14 64 60.84
14 65 51.97
14 66 55.9
14 67 51.48
14 68 59.62
14 69 55.04
14 70 91.4
14 71 88.48
14 72 63.13
14 73 89.02
14 74 58.83
14 75 30.48
14 76 84.4
14 77 85.91
14 78 82.8
14 79 85.15
14 80 87.0
14 81 80.43
14 82 60.9
14 83 58.31
14 84 55.07
14 85 52.35
14 86 53.25
14 87 52.43
14 88 49.74
14 89 49.09
14 90 48.41
14 91 45.49
14 92 45.0
14 93 43.0
14 94 43.1
14 95 40.31
14 96 38.33
14 97 38.0
14 98 37.36
14 99 33.38
14 100 33.0
14 101 39.36
15 0 36.06
15 1 27.73
15 2 26.93
15 3 26.08
15 4 25.06
15 5 26.63
15 6 22.83
15 7 24.41
15 8 21.63
15 9 20.59
15 10 20.52
15 11 18.6
15 12 7.07
15 13 5.39
15 14 5.39
15 16 5.0
15 17 5.39
15 18 7.07
15 19 5.0
15 20 31.62
15 21 29.73
15 22 29.12
15 23 26.25
15 24 30.41
15 25 28.44
15 26 25.5
15 27 28.16
15 28 25.18
15 29 30.0
15 30 25.0
15 31 46.1
15 32 41.23
15 33 41.76
15 34 37.0
15 35 47.43
15 36 38.08
15 37 43.86
15 38 44.72
15 39 40.31
15 40 52.2
15 41 50.29
15 42 49.73
15 43 46.84
15 44 51.42
15 45 50.99
15 46 49.03
15 47 46.1
15 48 50.64
15 49 45.71
15 50 48.37
15 51 50.25
15 52 45.28
15 53 78.75
15 54 73.38
15 55 68.62
15 56 77.62
15 57 68.01
15 58 77.13
15 59 67.45
15 60 76.49
15 61 58.31
15 62 54.08
15 63 50.0
15 64 57.31
15 65 48.83
15 66 52.48
15 67 48.26
15 68 55.9
15 69 51.48
15 70 90.14
15 71 87.46
15 72 59.91
15 73 87.66
15 74 55.8
15 75 29.15
15 76 83.22
15 77 84.4
15 78 81.54
15 79 83.6
15 80 85.15
15 81 79.06
15 82 60.42
15 83 57.7
15 84 54.63
15 85 52.0
15 86 52.35
15 87 51.48
15 88 49.24
15 89 48.3
15 90 47.17
15 91 44.72
15 92 47.27
15 93 45.28
15 94 45.04
15 95 42.0
15 96 40.0
15 97 40.31
15 98 38.33
15 99 35.0
15 100 35.36
15 101 36.06
16 0 40.31
16 1 30.23
16 2 29.15
16 3 29.07
16 4 27.8
16 5 29.73
16 6 25.61
16 7 27.59
16 8 24.76
16 9 23.43
16 10 24.21
16 11 21.93
16 12 5.0
16 13 10.2
16 14 2.0
16 15 5.0
16 17 10.2
16 18 11.18
16 19 7.07
16 20 36.4
16 21 34.48
16 22 33.96
16 23 31.05
16 24 35.36
16 25 33.38
16 26 30.41
16 27 33.14
16 28 30.15
16 29 35.0
16 30 30.0
16 31 50.99
16 32 46.1
16 33 46.57
16 34 41.76
16 35 52.2
16 36 42.72
16 37 48.47
16 38 49.24
16 39 44.72
16 40 57.01
16 41 55.08
16 42 54.57
16 43 51.66
16 44 56.29
16 45 55.9
16 46 53.94
16 47 50.99
16 48 55.58
16 49 50.64
16 50 53.34
16 51 55.23
16 52 50.25
16 53 83.52
16 54 78.16
16 55 73.38
16 56 82.46
16 57 72.8
16 58 82.0
16 59 72.28
16 60 81.39
16 61 62.65
16 62 58.31
16 63 54.08
16 64 61.72
16 65 53.0
16 66 56.82
16 67 52.48
16 68 60.42
16 69 55.9
16 70 93.01
16 71 90.14
16 72 64.14
16 73 90.6
16 74 59.91
16 75 32.02
16 76 86.02
16 77 87.46
16 78 84.4
16 79 86.68
16 80 88.46
16 81 82.01
16 82 62.65
16 83 60.03
16 84 56.82
16 85 54.12
16 86 54.92
16 87 54.08
16 88 51.48
16 89 50.77
16 90 50.0
16 91 47.17
16 92 47.0
16 93 45.0
16 94 45.1
16 95 42.3
16 96 40.31
16 97 40.0
16 98 39.29
16 99 35.36
16 100 35.0
16 101 40.31
17 0 33.3
17 1 27.89
17 2 27.46
17 3 25.63
17 4 25.0
17 5 26.0
17 6 22.8
17 7 23.77
17 8 21.19
17 9 20.62
17 10 19.24
17 11 18.03
17 12 12.21
17 13 4.0
17 14 10.77
17 15 5.39
17 16 10.2
17 18 3.0
17 19 5.83
17 20 27.73
17 21 25.94
17 22 25.08
17 23 22.36
17 24 25.96
17 25 24.04
17 26 21.19
17 27 23.54
17 28 20.62
17 29 25.08
17 30 20.1
17 31 40.79
17 32 35.9
17 33 36.4
17 34 31.62
17 35 42.06
17 36 32.7
17 37 38.48
17 38 39.36
17 39 34.99
17 40 48.1
17 41 46.24
17 42 45.54
17 43 42.72
17 44 47.13
17 45 46.57
17 46 44.64
17 47 41.76
17 48 46.1
17 49 41.23
17 50 43.74
17 51 45.54
17 52 40.61
17 53 74.67
17 54 69.29
17 55 64.62
17 56 73.38
17 57 63.91
17 58 72.8
17 59 63.25
17 60 72.03
17 61 55.22
17 62 51.22
17 63 47.42
17 64 54.08
17 65 46.1
17 66 49.41
17 67 45.45
17 68 52.48
17 69 48.26
17 70 89.19
17 71 86.77
17 72 57.01
17 73 86.61
17 74 53.15
17 75 28.79
17 76 82.37
17 77 83.22
17 78 80.62
17 79 82.38
17 80 83.6
17 81 78.03
17 82 60.41
17 83 57.58
17 84 54.71
17 85 52.2
17 86 52.0
17 87 51.08
17 88 49.34
17 89 48.1
17 90 46.52
17 91 44.6
17 92 50.01
17 93 48.05
17 94 47.52
17 95 44.28
17 96 42.3
17 97 43.17
17 98 40.0
17 99 37.34
17 100 38.33
17 101 33.3
18 0 35.36
18 1 30.81
18 2 30.41
18 3 28.46
18 4 27.89
18 5 28.79
18 6 25.71
18 7 26.57
18 8 24.04
18 9 23.54
18 10 21.93
18 11 20.88
18 12 14.14
18 13 7.0
18 14 12.21
18 15 7.07
18 16 11.18
18 17 3.0
18 19 5.0
18 20 29.15
18 21 27.46
18 22 26.42
18 23 23.85
18 24 26.93
18 25 25.08
18 26 22.36
18 27 24.35
18 28 21.54
18 29 25.5
18 30 20.62
18 31 40.31
18 32 35.36
18 33 35.69
18 34 30.81
18 35 41.23
18 36 31.62
18 37 37.34
18 38 38.08
18 39 33.54
18 40 49.24
18 41 47.42
18 42 46.62
18 43 43.86
18 44 48.1
18 45 47.43
18 46 45.54
18 47 42.72
18 48 46.84
18 49 42.06
18 50 44.38
18 51 46.1
18 52 41.23
18 53 75.77
18 54 70.38
18 55 65.8
18 56 74.33
18 57 65.0
18 58 73.68
18 59 64.26
18 60 72.8
18 61 57.01
18 62 53.15
18 63 49.5
18 64 55.8
18 65 48.1
18 66 51.22
18 67 47.42
18 68 54.08
18 69 50.0
18 70 91.79
18 71 89.44
18 72 58.9
18 73 89.19
18 74 55.17
18 75 31.62
18 76 85.0
18 77 85.76
18 78 83.24
18 79 84.91
18 80 86.02
18 81 80.62
18 82 63.25
18 83 60.41
18 84 57.57
18 85 55.08
18 86 54.78
18 87 53.85
18 88 52.2
18 89 50.92
18 90 49.24
18 91 47.43
18 92 52.95
18 93 50.99
18 94 50.49
18 95 47.27
18 96 45.28
18 97 46.1
18 98 43.0
18 99 40.31
18 100 41.23
18 101 35.36
19 0 39.05
19 1 32.31
19 2 31.62
19 3 30.41
19 4 29.55
19 5 30.89
19 6 27.31
19 7 28.65
19 8 25.94
19 9 25.08
19 10 24.41
19 11 22.83
19 12 11.18
19 13 8.6
19 14 8.6
19 15 5.0
19 16 7.07
19 17 5.83
19 18 5.0
19 20 33.54
19 21 31.76
19 22 30.87
19 23 28.18
19 24 31.62
19 25 29.73
19 26 26.93
19 27 29.12
19 28 26.25
19 29 30.41
19 30 25.5
19 31 45.28
19 32 40.31
19 33 40.61
19 34 35.69
19 35 46.1
19 36 36.4
19 37 42.06
19 38 42.72
19 39 38.08
19 40 53.85
19 41 52.0
19 42 51.26
19 43 48.47
19 44 52.81
19 45 52.2
19 46 50.29
19 47 47.43
19 48 51.66
19 49 46.84
19 50 49.24
19 51 50.99
19 52 46.1
19 53 80.41
19 54 75.03
19 55 70.38
19 56 79.06
19 57 69.64
19 58 78.45
19 59 68.95
19 60 77.62
19 61 61.03
19 62 57.01
19 63 53.15
19 64 59.91
19 65 51.86
19 66 55.22
19 67 51.22
19 68 58.31
19 69 54.08
19 70 94.34
19 71 91.79
19 72 62.8
19 73 91.81
19 74 58.9
19 75 33.54
19 76 87.46
19 77 88.48
19 78 85.76
19 79 87.66
19 80 89.02
19 81 83.22
19 82 65.0
19 83 62.24
19 84 59.24
19 85 56.65
19 86 56.8
19 87 55.9
19 88 53.85
19 89 52.8
19 90 51.48
19 91 49.24
19 92 52.24
19 93 50.25
19 94 50.04
19 95 47.0
19 96 45.0
19 97 45.28
19 98 43.29
19 99 40.0
19 100 40.31
19 101 39.05
20 0 10.0
20 1 23.43
20 2 25.0
20 3 20.0
20 4 21.63
20 5 19.21
20 6 21.47
20 7 18.87
20 8 19.7
20 9 21.54
20 10 16.76
20 11 19.65
20 12 35.36
20 13 26.25
20 14 35.9
20 15 31.62
20 16 36.4
20 17 27.73
20 18 29.15
20 19 33.54
20 21 2.0
20 22 2.83
20 23 5.39
20 24 5.0
20 25 5.39
20 26 7.07
20 27 7.28
20 28 8.6
20 29 10.0
20 30 11.18
20 31 25.0
20 32 22.36
20 33 24.17
20 34 22.56
20 35 29.15
20 36 25.5
20 37 29.73
20 38 31.62
20 39 30.41
20 40 20.62
20 41 18.68
20 42 18.25
20 43 15.3
20 44 20.1
20 45 20.0
20 46 18.0
20 47 15.0
20 48 20.1
20 49 15.13
20 50 18.44
20 51 20.62
20 52 15.81
20 53 47.13
20 54 41.76
20 55 37.0
20 56 46.1
20 57 36.4
20 58 45.71
20 59 35.9
20 60 45.28
20 61 28.28
20 62 25.0
20 63 22.36
20 64 26.91
20 65 20.59
20 66 22.67
20 67 19.72
20 68 25.0
20 69 21.21
20 70 68.01
20 71 66.71
20 72 30.48
20 73 65.15
20 74 27.46
20 75 21.21
20 76 61.85
20 77 61.35
20 78 59.91
20 79 60.41
20 80 60.42
20 81 57.01
20 82 45.28
20 83 42.3
20 84 40.79
20 85 39.29
20 86 36.35
20 87 35.36
20 88 36.4
20 89 33.96
20 90 30.41
20 91 31.62
20 92 50.93
20 93 49.5
20 94 47.42
20 95 43.86
20 96 42.43
20 97 46.1
20 98 37.54
20 99 39.05
20 100 43.01
20 101 10.0
21 0 10.2
21 1 21.93
21 2 23.43
21 3 18.44
21 4 20.0
21 5 17.69
21 6 19.72
21 7 17.2
21 8 17.89
21 9 19.7
21 10 14.87
21 11 17.72
21 12 33.38
21 13 24.35
21 14 33.96
21 15 29.73
21 16 34.48
21 17 25.94
21 18 27.46
21 19 31.76
21 20 2.0
21 22 2.0
21 23 3.61
21 24 5.39
21 25 5.0
21 26 5.83
21 27 7.0
21 28 7.62
21 29 10.2
21 30 10.44
21 31 26.25
21 32 23.32
21 33 25.06
21 34 23.09
21 35 30.23
21 36 25.96
21 37 30.46
21 38 32.31
21 39 30.81
21 40 22.56
21 41 20.62
21 42 20.22
21 43 17.26
21 44 22.09
21 45 22.0
21 46 20.0
21 47 17.0
21 48 22.09
21 49 17.12
21 50 20.4
21 51 22.56
21 52 17.72
21 53 49.04
21 54 43.68
21 55 38.9
21 56 48.05
21 57 38.33
21 58 47.68
21 59 37.85
21 60 47.27
21 61 29.73
21 62 26.25
21 63 23.32
21 64 28.43
21 65 21.63
21 66 24.04
21 67 20.81
21 68 26.63
21 69 22.67
21 70 68.62
21 71 67.19
21 72 31.83
21 73 65.79
21 74 28.6
21 75 19.85
21 76 62.36
21 77 62.03
21 78 60.44
21 79 61.1
21 80 61.27
21 81 57.57
21 82 45.1
21 83 42.11
21 84 40.45
21 85 38.83
21 86 36.12
21 87 35.13
21 88 35.9
21 89 33.54
21 90 30.15
21 91 31.05
21 92 49.58
21 93 48.1
21 94 46.1
21 95 42.52
21 96 41.04
21 97 44.6
21 98 36.24
21 99 37.54
21 100 41.4
21 101 10.2
22 0 12.17
22 1 23.35
22 2 24.76
22 3 19.8
22 4 21.26
22 5 19.1
22 6 20.81
22 7 18.44
22 8 18.87
22 9 20.59
22 10 15.65
22 11 18.38
22 12 33.14
22 13 23.77
22 14 33.54
22 15 29.12
22 16 33.96
22 17 25.08
22 18 26.42
22 19 30.87
22 20 2.83
22 21 2.0
22 23 3.0
22 24 3.61
22 25 3.0
22 26 4.24
22 27 5.0
22 28 5.83
22 29 8.25
22 30 8.54
22 31 24.76
22 32 21.63
22 33 23.32
22 34 21.19
22 35 28.6
22 36 24.04
22 37 28.64
22 38 30.46
22 39 28.86
22 40 23.09
22 41 21.19
22 42 20.62
22 43 17.72
22 44 22.36
22 45 22.09
22 46 20.1
22 47 17.12
22 48 22.0
22 49 17.0
22 50 20.1
22 51 22.2
22 52 17.26
22 53 49.65
22 54 44.27
22 55 39.56
22 56 48.51
22 57 38.9
22 58 48.05
22 59 38.33
22 60 47.52
22 61 31.11
22 62 27.8
22 63 25.06
22 64 29.73
22 65 23.32
22 66 25.5
22 67 22.47
22 68 27.8
22 69 24.04
22 70 70.52
22 71 69.12
22 72 33.3
22 73 67.68
22 74 30.23
22 75 21.4
22 76 64.29
22 77 63.91
22 78 62.36
22 79 62.97
22 80 63.07
22 81 59.48
22 82 47.1
22 83 44.1
22 84 42.43
22 85 40.79
22 86 38.12
22 87 37.12
22 88 37.85
22 89 35.51
22 90 32.14
22 91 32.98
22 92 51.09
22 93 49.58
22 94 47.63
22 95 44.05
22 96 42.52
22 97 45.97
22 98 37.8
22 99 38.9
22 100 42.64
22 101 12.17
23 0 13.0
23 1 21.4
23 2 22.67
23 3 17.8
23 4 19.1
23 5 17.2
23 6 18.44
23 7 16.28
23 8 16.4
23 9 18.03
23 10 13.04
23 11 15.65
23 12 30.15
23 13 20.88
23 14 30.59
23 15 26.25
23 16 31.05
23 17 22.36
23 18 23.85
23 19 28.18
23 20 5.39
23 21 3.61
23 22 3.0
23 24 5.83
23 25 4.24
23 26 3.0
23 27 5.83
23 28 5.0
23 29 9.43
23 30 8.0
23 31 26.91
23 32 23.43
23 33 25.0
23 34 22.36
23 35 30.48
23 36 25.08
23 37 30.02
23 38 31.76
23 39 29.73
23 40 25.96
23 41 24.04
23 42 23.54
23 43 20.62
23 44 25.32
23 45 25.08
23 46 23.09
23 47 20.1
23 48 25.0
23 49 20.0
23 50 23.09
23 51 25.18
23 52 20.22
23 53 52.5
23 54 47.13
23 55 42.38
23 56 51.42
23 57 41.76
23 58 50.99
23 59 41.23
23 60 50.49
23 61 33.3
23 62 29.73
23 63 26.63
23 64 32.02
23 65 25.0
23 66 27.59
23 67 24.21
23 68 30.23
23 69 26.25
23 70 71.51
23 71 69.92
23 72 35.36
23 73 68.71
23 74 32.02
23 75 19.72
23 76 65.15
23 77 65.0
23 78 63.25
23 79 64.08
23 80 64.41
23 81 60.41
23 82 47.0
23 83 44.0
23 84 42.11
23 85 40.31
23 86 38.0
23 87 37.0
23 88 37.34
23 89 35.13
23 90 32.0
23 91 32.39
23 92 49.2
23 93 47.63
23 94 45.8
23 95 42.2
23 96 40.61
23 97 43.86
23 98 36.06
23 99 36.8
23 100 40.36
23 101 13.0
24 0 15.0
24 1 26.91
24 2 28.28
24 3 23.35
24 4 24.76
24 5 22.67
24 6 24.21
24 7 21.93
24 8 22.2
24 9 23.85
24 10 18.87
24 11 21.47
24 12 35.0
24 13 25.18
24 14 35.13
24 15 30.41
24 16 35.36
24 17 25.96
24 18 26.93
24 19 31.62
24 20 5.0
24 21 5.39
24 22 3.61
24 23 5.83
24 25 2.0
24 26 5.0
24 27 2.83
24 28 5.39
24 29 5.0
24 30 7.07
24 31 21.21
24 32 18.03
24 33 19.72
24 34 17.72
24 35 25.0
24 36 20.62
24 37 25.08
24 38 26.93
24 39 25.5
24 40 22.36
24 41 20.59
24 42 19.7
24 43 17.0
24 44 21.19
24 45 20.62
24 46 18.68
24 47 15.81
24 48 20.22
24 49 15.3
24 50 18.03
24 51 20.0
24 52 15.0
24 53 48.85
24 54 43.46
24 55 38.91
24 56 47.43
24 57 38.08
24 58 46.84
24 59 37.34
24 60 46.1
24 61 32.02
24 62 29.15
24 63 26.93
24 64 30.48
24 65 25.08
24 66 26.63
24 67 24.17
24 68 28.28
24 69 25.0
24 70 72.8
24 71 71.59
24 72 34.41
24 73 69.92
24 74 31.76
24 75 25.0
24 76 66.71
24 77 66.1
24 78 64.76
24 79 65.15
24 80 65.0
24 81 61.85
24 82 50.25
24 83 47.27
24 84 45.71
24 85 44.15
24 86 41.3
24 87 40.31
24 88 41.23
24 89 38.83
24 90 35.36
24 91 36.4
24 92 54.67
24 93 53.15
24 94 51.22
24 95 47.63
24 96 46.1
24 97 49.5
24 98 41.4
24 99 42.43
24 100 46.1
24 101 15.0
25 0 15.13
25 1 25.61
25 2 26.91
25 3 22.02
25 4 23.35
25 5 21.4
25 6 22.67
25 7 20.52
25 8 20.62
25 9 22.2
25 10 17.2
25 11 19.72
25 12 33.0
25 13 23.19
25 14 33.14
25 15 28.44
25 16 33.38
25 17 24.04
25 18 25.08
25 19 29.73
25 20 5.39
25 21 5.0
25 22 3.0
25 23 4.24
25 24 2.0
25 26 3.0
25 27 2.0
25 28 3.61
25 29 5.39
25 30 5.83
25 31 22.67
25 32 19.21
25 33 20.81
25 34 18.38
25 35 26.25
25 36 21.19
25 37 25.94
25 38 27.73
25 39 25.96
25 40 24.17
25 41 22.36
25 42 21.54
25 43 18.79
25 44 23.09
25 45 22.56
25 46 20.62
25 47 17.72
25 48 22.2
25 49 17.26
25 50 20.02
25 51 22.0
25 52 17.0
25 53 50.7
25 54 45.31
25 55 40.72
25 56 49.34
25 57 39.92
25 58 48.76
25 59 39.22
25 60 48.05
25 61 33.3
25 62 30.23
25 63 27.73
25 64 31.83
25 65 25.94
25 66 27.8
25 67 25.06
25 68 29.73
25 69 26.25
25 70 73.38
25 71 72.03
25 72 35.61
25 73 70.52
25 74 32.76
25 75 23.85
25 76 67.19
25 77 66.73
25 78 65.25
25 79 65.79
25 80 65.8
25 81 62.36
25 82 50.09
25 83 47.1
25 84 45.4
25 85 43.74
25 86 41.11
25 87 40.11
25 88 40.79
25 89 38.47
25 90 35.13
25 91 35.9
25 92 53.41
25 93 51.86
25 94 50.0
25 95 46.4
25 96 44.82
25 97 48.1
25 98 40.22
25 99 41.04
25 100 44.6
25 101 15.13
26 0 15.81
26 1 23.85
26 2 25.0
26 3 20.25
26 4 21.4
26 5 19.72
26 6 20.52
26 7 18.6
26 8 18.38
26 9 19.85
26 10 14.87
26 11 17.2
26 12 30.0
26 13 20.22
26 14 30.15
26 15 25.5
26 16 30.41
26 17 21.19
26 18 22.36
26 19 26.93
26 20 7.07
26 21 5.83
26 22 4.24
26 23 3.0
26 24 5.0
26 25 3.0
26 27 3.61
26 28 2.0
26 29 7.07
26 30 5.0
26 31 25.0
26 32 21.21
26 33 22.67
26 34 19.72
26 35 28.28
26 36 22.36
26 37 27.46
26 38 29.15
26 39 26.93
26 40 26.93
26 41 25.08
26 42 24.35
26 43 21.54
26 44 25.96
26 45 25.5
26 46 23.54
26 47 20.62
26 48 25.18
26 49 20.22
26 50 23.02
26 51 25.0
26 52 20.0
26 53 53.49
26 54 48.1
26 55 43.46
26 56 52.2
26 57 42.72
26 58 51.66
