param o := 0;
param s := 101;

set POI := 1 2 3 4 5 6 7 8 9 10 11 12 13 14 15 16 17 18 19 20 21 22 23 24 25 26 27 28 29 30 31 32 33 34 35 36 37 38 39 40 41 42 43 44 45 46 47 48 49 50 51 52 53 54 55 56 57 58 59 60 61 62 63 64 65 66 67 68 69 70 71 72 73 74 75 76 77 78 79 80 81 82 83 84 85 86 87 88 89 90 91 92 93 94 95 96 97 98 99 100;
set M := 1 2 3;
set Z := 1 2 3 4 5;


param e :=
0 1 0 0 2 0 0 3 0 0 4 0 0 5 0
1 1 1 1 2 1 1 3 0 1 4 0 1 5 0
2 1 0 2 2 1 2 3 0 2 4 0 2 5 0
3 1 0 3 2 1 3 3 0 3 4 0 3 5 0
4 1 1 4 2 1 4 3 1 4 4 0 4 5 0
5 1 1 5 2 1 5 3 0 5 4 0 5 5 1
6 1 1 6 2 1 6 3 1 6 4 0 6 5 0
7 1 1 7 2 1 7 3 0 7 4 0 7 5 0
8 1 1 8 2 0 8 3 0 8 4 0 8 5 0
9 1 1 9 2 0 9 3 0 9 4 0 9 5 0
10 1 1 10 2 1 10 3 0 10 4 0 10 5 0
11 1 1 11 2 1 11 3 0 11 4 0 11 5 0
12 1 1 12 2 1 12 3 0 12 4 0 12 5 0
13 1 1 13 2 0 13 3 1 13 4 0 13 5 0
14 1 0 14 2 0 14 3 1 14 4 0 14 5 0
15 1 1 15 2 0 15 3 0 15 4 0 15 5 1
16 1 1 16 2 1 16 3 0 16 4 0 16 5 0
17 1 1 17 2 0 17 3 0 17 4 0 17 5 0
18 1 1 18 2 1 18 3 0 18 4 0 18 5 0
19 1 1 19 2 1 19 3 0 19 4 0 19 5 0
20 1 1 20 2 1 20 3 1 20 4 0 20 5 0
21 1 1 21 2 0 21 3 0 21 4 1 21 5 0
22 1 1 22 2 1 22 3 0 22 4 0 22 5 0
23 1 1 23 2 0 23 3 1 23 4 0 23 5 0
24 1 1 24 2 0 24 3 0 24 4 0 24 5 0
25 1 1 25 2 1 25 3 0 25 4 0 25 5 0
26 1 1 26 2 0 26 3 0 26 4 0 26 5 0
27 1 1 27 2 1 27 3 0 27 4 0 27 5 0
28 1 1 28 2 1 28 3 1 28 4 0 28 5 0
29 1 1 29 2 1 29 3 0 29 4 0 29 5 0
30 1 1 30 2 0 30 3 0 30 4 0 30 5 0
31 1 1 31 2 1 31 3 1 31 4 0 31 5 1
32 1 0 32 2 1 32 3 1 32 4 0 32 5 0
33 1 1 33 2 1 33 3 0 33 4 0 33 5 0
34 1 1 34 2 0 34 3 1 34 4 0 34 5 0
35 1 1 35 2 0 35 3 0 35 4 0 35 5 0
36 1 1 36 2 0 36 3 0 36 4 0 36 5 0
37 1 1 37 2 0 37 3 1 37 4 0 37 5 0
38 1 1 38 2 1 38 3 0 38 4 0 38 5 0
39 1 1 39 2 0 39 3 0 39 4 0 39 5 0
40 1 1 40 2 1 40 3 1 40 4 0 40 5 0
41 1 1 41 2 1 41 3 0 41 4 0 41 5 0
42 1 1 42 2 1 42 3 1 42 4 1 42 5 0
43 1 1 43 2 1 43 3 0 43 4 0 43 5 0
44 1 1 44 2 1 44 3 0 44 4 0 44 5 0
45 1 1 45 2 0 45 3 0 45 4 0 45 5 0
46 1 1 46 2 1 46 3 1 46 4 0 46 5 1
47 1 1 47 2 1 47 3 0 47 4 0 47 5 0
48 1 1 48 2 1 48 3 0 48 4 0 48 5 0
49 1 1 49 2 0 49 3 0 49 4 0 49 5 0
50 1 1 50 2 1 50 3 1 50 4 0 50 5 0
51 1 1 51 2 1 51 3 1 51 4 0 51 5 0
52 1 1 52 2 1 52 3 1 52 4 0 52 5 0
53 1 1 53 2 0 53 3 0 53 4 0 53 5 0
54 1 1 54 2 0 54 3 0 54 4 0 54 5 0
55 1 1 55 2 1 55 3 1 55 4 0 55 5 0
56 1 0 56 2 1 56 3 0 56 4 0 56 5 0
57 1 1 57 2 0 57 3 0 57 4 0 57 5 0
58 1 1 58 2 1 58 3 0 58 4 0 58 5 0
59 1 1 59 2 0 59 3 0 59 4 0 59 5 0
60 1 1 60 2 0 60 3 1 60 4 0 60 5 0
61 1 1 61 2 1 61 3 0 61 4 0 61 5 0
62 1 1 62 2 1 62 3 0 62 4 0 62 5 0
63 1 0 63 2 0 63 3 1 63 4 0 63 5 1
64 1 1 64 2 1 64 3 0 64 4 0 64 5 0
65 1 1 65 2 0 65 3 1 65 4 0 65 5 0
66 1 1 66 2 1 66 3 0 66 4 0 66 5 0
67 1 1 67 2 1 67 3 0 67 4 0 67 5 0
68 1 0 68 2 1 68 3 0 68 4 0 68 5 0
69 1 1 69 2 0 69 3 0 69 4 0 69 5 0
70 1 1 70 2 1 70 3 0 70 4 1 70 5 0
71 1 1 71 2 0 71 3 0 71 4 1 71 5 0
72 1 1 72 2 0 72 3 0 72 4 1 72 5 0
73 1 1 73 2 1 73 3 0 73 4 0 73 5 0
74 1 0 74 2 1 74 3 0 74 4 0 74 5 0
75 1 1 75 2 1 75 3 0 75 4 0 75 5 0
76 1 1 76 2 1 76 3 1 76 4 0 76 5 0
77 1 1 77 2 1 77 3 1 77 4 0 77 5 0
78 1 0 78 2 1 78 3 1 78 4 0 78 5 0
79 1 1 79 2 0 79 3 0 79 4 0 79 5 0
80 1 1 80 2 0 80 3 0 80 4 0 80 5 0
81 1 1 81 2 0 81 3 0 81 4 0 81 5 0
82 1 1 82 2 0 82 3 1 82 4 0 82 5 0
83 1 1 83 2 0 83 3 1 83 4 0 83 5 0
84 1 1 84 2 1 84 3 0 84 4 0 84 5 0
85 1 1 85 2 0 85 3 1 85 4 0 85 5 0
86 1 1 86 2 1 86 3 0 86 4 0 86 5 0
87 1 1 87 2 1 87 3 1 87 4 0 87 5 0
88 1 0 88 2 1 88 3 0 88 4 0 88 5 0
89 1 1 89 2 1 89 3 1 89 4 0 89 5 1
90 1 0 90 2 1 90 3 1 90 4 0 90 5 0
91 1 0 91 2 1 91 3 0 91 4 0 91 5 0
92 1 1 92 2 1 92 3 0 92 4 0 92 5 0
93 1 1 93 2 1 93 3 0 93 4 1 93 5 0
94 1 1 94 2 0 94 3 1 94 4 0 94 5 0
95 1 1 95 2 0 95 3 0 95 4 0 95 5 0
96 1 0 96 2 1 96 3 0 96 4 0 96 5 0
97 1 1 97 2 1 97 3 0 97 4 0 97 5 0
98 1 1 98 2 1 98 3 0 98 4 0 98 5 0
99 1 1 99 2 0 99 3 0 99 4 1 99 5 0
100 1 0 100 2 0 100 3 0 100 4 0 100 5 0
101 1 0 101 2 0 101 3 0 101 4 0 101 5 0
;

param SCORE :=
0 0
1 10
2 30
3 10
4 10
5 10
6 20
7 20
8 20
9 10
10 10
11 10
12 20
13 30
14 10
15 40
16 40
17 20
18 20
19 10
20 10
21 20
22 20
23 10
24 10
25 40
26 10
27 10
28 20
29 10
30 10
31 20
32 30
33 40
34 20
35 10
36 10
37 20
38 30
39 20
40 10
41 10
42 20
43 10
44 10
45 10
46 30
47 10
48 10
49 10
50 10
51 10
52 10
53 20
54 40
55 10
56 30
57 40
58 30
59 10
60 20
61 10
62 20
63 50
64 10
65 10
66 10
67 10
68 10
69 10
70 30
71 20
72 10
73 10
74 50
75 20
76 10
77 10
78 20
79 10
80 10
81 30
82 20
83 10
84 20
85 30
86 10
87 20
88 30
89 10
90 10
91 10
92 20
93 40
94 10
95 30
96 10
97 30
98 20
99 10
100 20
101 0
;

param OT :=
0 0
1 0
2 0
3 0
4 1261
5 0
6 0
7 0
8 2887
9 2601
10 0
11 2698
12 0
13 2405
14 0
15 2216
16 0
17 0
18 0
19 0
20 0
21 0
22 0
23 1643
24 0
25 2504
26 0
27 0
28 0
29 0
30 0
31 0
32 0
33 0
34 0
35 0
36 0
37 0
38 1063
39 0
40 0
41 0
42 0
43 0
44 1913
45 0
46 0
47 0
48 0
49 0
50 0
51 0
52 0
53 1256
54 0
55 1065
56 0
57 0
58 1442
59 0
60 0
61 0
62 120
63 0
64 0
65 0
66 0
67 12
68 0
69 680
70 0
71 0
72 0
73 0
74 213
75 0
76 2131
77 2900
78 0
79 2608
80 0
81 0
82 0
83 0
84 1641
85 0
86 0
87 3097
88 0
89 0
90 0
91 0
92 694
93 0
94 0
95 0
96 0
97 0
98 0
99 407
100 502
101 0
;

param TT :=
0 0
1 90
2 90
3 90
4 90
5 90
6 90
7 90
8 90
9 90
10 90
11 90
12 90
13 90
14 90
15 90
16 90
17 90
18 90
19 90
20 90
21 90
22 90
23 90
24 90
25 90
26 90
27 90
28 90
29 90
30 90
31 90
32 90
33 90
34 90
35 90
36 90
37 90
38 90
39 90
40 90
41 90
42 90
43 90
44 90
45 90
46 90
47 90
48 90
49 90
50 90
51 90
52 90
53 90
54 90
55 90
56 90
57 90
58 90
59 90
60 90
61 90
62 90
63 90
64 90
65 90
66 90
67 90
68 90
69 90
70 90
71 90
72 90
73 90
74 90
75 90
76 90
77 90
78 90
79 90
80 90
81 90
82 90
83 90
84 90
85 90
86 90
87 90
88 90
89 90
90 90
91 90
92 90
93 90
94 90
95 90
96 90
97 90
98 90
99 90
100 90
101 0
;

param CT :=
0 3390
1 3272
2 3279
3 3270
4 1421
5 3284
6 3274
7 3273
8 3047
9 2761
10 3283
11 2858
12 3261
13 2565
14 3260
15 2376
16 3259
17 3266
18 3264
19 3260
20 3290
21 3288
22 3287
23 1803
24 3285
25 2664
26 3265
27 3282
28 3263
29 3280
30 3279
31 3266
32 3268
33 3266
34 3267
35 3261
36 3264
37 3260
38 1223
39 3259
40 3267
41 3281
42 3280
43 3283
44 2073
45 3277
46 3274
47 3281
48 3289
49 3268
50 3277
51 3275
52 3278
53 1416
54 3259
55 1225
56 3255
57 3264
58 1602
59 3259
60 3254
61 3277
62 280
63 3285
64 3278
65 3274
66 3283
67 172
68 3279
69 840
70 3241
71 3242
72 3276
73 3244
74 373
75 3284
76 2291
77 3060
78 3260
79 2768
80 3248
81 3252
82 3264
83 3267
84 1801
85 3253
86 3273
87 3257
88 3273
89 3278
90 3279
91 3277
92 854
93 3291
94 3259
95 3262
96 3275
97 3259
98 3269
99 567
100 662
101 3390
;

param t :=
0 1 27.73
0 2 20.62
0 3 29.07
0 4 25.61
0 5 15.13
0 6 25.3
0 7 26.91
0 8 11.66
0 9 23.32
0 10 16.76
0 11 19.65
0 12 38.08
0 13 30.81
0 14 39.36
0 15 36.06
0 16 40.31
0 17 33.3
0 18 35.36
0 19 39.05
0 20 10.0
0 21 11.66
0 22 12.17
0 23 30.53
0 24 15.0
0 25 24.08
0 26 34.18
0 27 17.12
0 28 36.35
0 29 20.0
0 30 20.62
0 31 33.54
0 32 31.62
0 33 33.53
0 34 32.39
0 35 38.08
0 36 35.36
0 37 39.29
0 38 41.23
0 39 40.31
0 40 32.25
0 41 18.68
0 42 19.31
0 43 16.55
0 44 31.05
0 45 22.36
0 46 25.71
0 47 18.03
0 48 10.77
0 49 31.05
0 50 22.8
0 51 25.0
0 52 21.21
0 53 45.18
0 54 40.05
0 55 35.06
0 56 45.0
0 57 35.06
0 58 45.04
0 59 40.05
0 60 45.28
0 61 22.36
0 62 18.03
0 63 14.14
0 64 21.54
0 65 25.32
0 66 16.55
0 67 12.21
0 68 20.1
0 69 15.81
0 70 58.52
0 71 57.01
0 72 23.85
0 73 55.71
0 74 19.85
0 75 15.81
0 76 52.2
0 77 32.39
0 78 39.29
0 79 51.08
0 80 51.48
0 81 47.43
0 82 35.36
0 83 32.39
0 84 31.05
0 85 46.17
0 86 26.48
0 87 24.33
0 88 26.93
0 89 21.26
0 90 20.62
0 91 22.36
0 92 44.2
0 93 8.25
0 94 40.61
0 95 37.2
0 96 24.17
0 97 40.31
0 98 30.81
0 99 33.54
0 100 38.08
0 101 0.0
1 0 27.73
1 2 8.6
1 3 11.66
1 4 12.04
1 5 14.14
1 6 48.84
1 7 7.81
1 8 23.43
1 9 24.52
1 10 19.24
1 11 18.03
1 12 28.79
1 13 30.0
1 14 31.62
1 15 32.39
1 16 33.53
1 17 34.0
1 18 37.0
1 19 37.34
1 20 33.3
1 21 29.07
1 22 33.24
1 23 39.05
1 24 36.8
1 25 31.32
1 26 45.88
1 27 37.01
1 28 52.0
1 29 40.61
1 30 37.74
1 31 58.0
1 32 54.67
1 33 56.22
1 34 53.25
1 35 61.72
1 36 55.76
1 37 61.03
1 38 62.68
1 39 60.03
1 40 59.2
1 41 46.24
1 42 47.01
1 43 44.28
1 44 58.52
1 45 50.09
1 46 53.14
1 47 45.65
1 48 38.48
1 49 55.15
1 50 50.25
1 51 52.48
1 52 48.26
1 53 70.46
1 54 65.76
1 55 60.83
1 56 71.02
1 57 61.61
1 58 71.39
1 59 66.49
1 60 72.03
1 61 45.04
1 62 40.05
1 63 35.06
1 64 45.18
1 65 50.64
1 66 40.31
1 67 35.36
1 68 46.1
1 69 40.61
1 70 62.24
1 71 58.73
1 72 45.01
1 73 60.21
1 74 40.01
1 75 12.21
1 76 55.17
1 77 36.06
1 78 43.6
1 79 57.01
1 80 59.91
1 81 51.86
1 82 30.48
1 83 28.28
1 84 24.76
1 85 44.69
1 86 24.41
1 87 31.38
1 88 19.85
1 89 11.7
1 90 21.54
1 91 17.0
1 92 18.03
1 93 19.72
1 94 14.76
1 95 11.18
1 96 36.4
1 97 12.81
1 98 6.0
1 99 5.83
1 100 10.44
1 101 27.73
2 0 20.62
2 1 8.6
2 3 17.03
2 4 15.52
2 5 5.83
2 6 40.31
2 7 13.0
2 8 14.87
2 9 17.0
2 10 10.77
2 11 10.05
2 12 25.0
2 13 23.54
2 14 27.46
2 15 26.93
2 16 29.15
2 17 27.46
2 18 30.41
2 19 31.62
2 20 25.0
2 21 20.52
2 22 24.76
2 23 31.26
2 24 28.28
2 25 23.35
2 26 37.85
2 27 28.43
2 28 43.66
2 29 32.02
2 30 29.15
2 31 49.5
2 32 46.1
2 33 47.63
2 34 44.65
2 35 53.15
2 36 47.17
2 37 52.43
2 38 54.08
2 39 51.48
2 40 52.77
2 41 39.29
2 42 39.85
2 43 37.0
2 44 51.66
2 45 42.72
2 46 46.32
2 47 38.08
2 48 31.32
2 49 50.09
2 50 42.49
2 51 44.72
2 52 40.31
2 53 65.01
2 54 60.07
2 55 55.08
2 56 65.19
2 57 55.44
2 58 65.38
2 59 60.41
2 60 65.76
2 61 40.31
2 62 35.36
2 63 30.41
2 64 40.11
2 65 45.01
2 66 35.06
2 67 30.07
2 68 40.11
2 69 35.0
2 70 64.03
2 71 61.03
2 72 40.79
2 73 61.72
2 74 35.9
2 75 5.0
2 76 57.01
2 77 36.8
2 78 44.6
2 79 58.0
2 80 60.21
2 81 53.15
2 82 33.54
2 83 30.89
2 84 27.73
2 85 47.51
2 86 25.81
2 87 30.61
2 88 22.36
2 89 12.53
2 90 21.21
2 91 18.03
2 92 26.63
2 93 12.37
2 94 23.32
2 95 19.72
2 96 34.48
2 97 21.21
2 98 13.93
2 99 14.14
2 100 18.03
2 101 20.62
3 0 29.07
3 1 11.66
3 2 17.03
3 4 3.61
3 5 20.4
3 6 53.34
3 7 4.12
3 8 29.41
3 9 34.01
3 10 27.17
3 11 27.0
3 12 40.31
3 13 40.45
3 14 43.08
3 15 43.42
3 16 44.94
3 17 44.41
3 18 47.38
3 19 48.27
3 20 37.22
3 21 34.54
3 22 38.01
3 23 48.09
3 24 41.59
3 25 40.11
3 26 54.45
3 27 42.54
3 28 59.67
3 29 46.1
3 30 44.27
3 31 62.13
3 32 59.54
3 33 61.29
3 34 59.09
3 35 66.37
3 36 61.85
3 37 66.64
3 38 68.45
3 39 66.48
3 40 57.25
3 41 45.8
3 42 47.01
3 43 44.69
3 44 57.45
3 45 50.45
3 46 52.15
3 47 46.69
3 48 38.95
3 49 50.96
3 50 51.62
3 51 53.76
3 52 50.25
3 53 66.48
3 54 62.3
3 55 57.58
3 56 67.68
3 57 59.09
3 58 68.35
3 59 63.69
3 60 69.46
3 61 40.8
3 62 36.06
3 63 31.38
3 64 41.44
3 65 47.54
3 66 37.16
3 67 32.65
3 68 43.83
3 69 38.01
3 70 51.09
3 71 47.38
3 72 40.02
3 73 49.2
3 74 35.17
3 75 17.46
3 76 44.05
3 77 26.0
3 78 33.12
3 79 46.32
3 80 49.65
3 81 41.05
3 82 19.1
3 83 17.2
3 84 13.6
3 85 33.24
3 86 14.56
3 87 23.09
3 88 9.49
3 89 7.81
3 90 14.14
3 91 9.22
3 92 16.76
3 93 22.83
3 94 13.34
3 95 11.0
3 96 29.0
3 97 16.12
3 98 7.21
3 99 13.04
3 100 17.46
3 101 29.07
4 0 25.61
4 1 12.04
4 2 15.52
4 3 3.61
4 5 18.03
4 6 50.12
4 7 4.47
4 8 26.68
4 9 32.25
4 10 25.0
4 11 25.18
4 12 39.82
4 13 39.05
4 14 42.49
4 15 42.38
4 16 44.28
4 17 42.95
4 18 45.89
4 19 47.13
4 20 34.0
4 21 31.62
4 22 34.93
4 23 46.0
4 24 38.48
4 25 38.0
4 26 52.15
4 27 39.56
4 28 57.07
4 29 43.08
4 30 41.48
4 31 58.83
4 32 56.36
4 33 58.14
4 34 56.08
4 35 63.13
4 36 58.87
4 37 63.56
4 38 65.39
4 39 63.57
4 40 53.67
4 41 42.2
4 42 43.42
4 43 41.11
4 44 53.85
4 45 46.86
4 46 48.55
4 47 43.14
4 48 35.38
4 49 47.54
4 50 48.08
4 51 50.21
4 52 46.75
4 53 63.06
4 54 58.82
4 55 54.08
4 56 64.2
4 57 55.54
4 58 64.85
4 59 60.17
4 60 65.92
4 61 37.36
4 62 32.57
4 63 27.86
4 64 37.95
4 65 44.01
4 66 33.62
4 67 29.07
4 68 40.25
4 69 34.44
4 70 50.21
4 71 46.75
4 72 36.67
4 73 48.17
4 74 31.78
4 75 15.03
4 76 43.14
4 77 24.19
4 78 31.62
4 79 45.0
4 80 48.02
4 81 39.82
4 82 18.6
4 83 16.28
4 84 12.81
4 85 32.8
4 86 12.53
4 87 20.4
4 88 7.81
4 89 4.47
4 90 11.0
4 91 6.0
4 92 20.25
4 93 19.7
4 94 16.76
4 95 14.14
4 96 26.08
4 97 19.0
4 98 9.22
4 99 14.87
4 100 19.65
4 101 25.61
5 0 15.13
5 1 14.14
5 2 5.83
5 3 20.4
5 4 18.03
5 6 34.71
5 7 16.76
5 8 9.43
5 9 14.87
5 10 7.07
5 11 8.06
5 12 26.25
5 13 22.36
5 14 28.28
5 15 26.63
5 16 29.73
5 17 26.0
5 18 28.79
5 19 30.89
5 20 19.21
5 21 15.0
5 22 19.1
5 23 28.02
5 24 22.67
5 25 20.02
5 26 34.13
5 27 23.02
5 28 39.29
5 29 26.63
5 30 24.17
5 31 43.86
5 32 40.61
5 33 42.2
5 34 39.45
5 35 47.63
5 36 42.06
5 37 47.17
5 38 48.88
5 39 46.52
5 40 47.38
5 41 33.73
5 42 34.21
5 43 31.32
5 44 46.1
5 45 37.0
5 46 40.79
5 47 32.31
5 48 25.71
5 49 45.4
5 50 36.67
5 51 38.91
5 52 34.48
5 53 60.03
5 54 55.0
5 55 50.0
5 56 60.03
5 57 50.16
5 58 60.13
5 59 55.15
5 60 60.41
5 61 35.9
5 62 31.05
5 63 26.25
5 64 35.51
5 65 40.05
5 66 30.41
5 67 25.5
5 68 35.0
5 69 30.15
5 70 63.51
5 71 60.9
5 72 36.69
5 73 61.03
5 74 31.95
5 75 3.0
5 76 56.6
5 77 36.06
5 78 43.83
5 79 57.01
5 80 58.73
5 81 52.43
5 82 34.48
5 83 31.62
5 84 28.86
5 85 47.93
5 86 26.0
5 87 29.07
5 88 23.54
5 89 14.04
5 90 20.59
5 91 18.68
5 92 32.02
5 93 7.0
5 94 28.6
5 95 25.0
5 96 32.02
5 97 26.91
5 98 18.87
5 99 19.85
5 100 23.85
5 101 15.13
6 0 25.3
6 1 48.84
6 2 40.31
6 3 53.34
6 4 50.12
6 5 34.71
6 7 50.48
6 8 25.46
6 9 30.46
6 10 30.61
6 11 33.02
6 12 43.93
6 13 33.54
6 14 43.42
6 15 38.21
6 16 43.19
6 17 33.06
6 18 33.02
6 19 38.01
6 20 16.12
6 21 19.8
6 22 15.62
6 23 24.08
6 24 12.04
6 25 24.74
6 26 21.54
6 27 12.21
6 28 17.69
6 29 8.94
6 30 13.6
6 31 9.22
6 32 6.32
6 33 8.25
6 34 8.54
6 35 13.04
6 36 11.4
6 37 14.14
6 38 16.12
6 39 16.28
6 40 31.24
6 41 21.47
6 42 19.72
6 43 18.38
6 44 27.2
6 45 18.44
6 46 24.76
6 47 15.65
6 48 20.1
6 49 38.83
6 50 14.14
6 51 15.0
6 52 11.4
6 53 46.4
6 54 41.23
6 55 37.48
6 56 44.1
6 57 34.83
6 58 43.05
6 59 38.83
6 60 41.59
6 61 36.06
6 62 34.71
6 63 34.06
6 64 34.18
6 65 32.76
6 66 31.78
6 67 31.06
6 68 28.64
6 69 29.83
6 70 79.91
6 71 79.31
6 72 38.9
6 73 76.94
6 74 37.66
6 75 37.01
6 76 74.33
6 77 56.08
6 78 62.03
6 79 72.01
6 80 71.06
6 81 69.35
6 82 60.42
6 83 57.49
6 84 56.32
6 85 70.11
6 86 51.66
6 87 48.17
6 88 52.2
6 89 45.65
6 90 45.88
6 91 47.54
6 92 66.71
6 93 30.53
6 94 63.25
6 95 59.67
6 96 46.04
6 97 61.52
6 98 53.41
6 99 54.45
6 100 58.05
6 101 25.3
7 0 26.91
7 1 7.81
7 2 13.0
7 3 4.12
7 4 4.47
7 5 16.76
7 6 50.48
7 8 26.0
7 9 30.0
7 10 23.35
7 11 23.02
7 12 36.25
7 13 36.35
7 14 39.0
7 15 39.29
7 16 40.85
7 17 40.31
7 18 43.29
7 19 44.15
7 20 34.41
7 21 31.3
7 22 34.99
7 23 44.18
7 24 38.59
7 25 36.22
7 26 50.64
7 27 39.36
7 28 56.04
7 29 42.94
7 30 40.85
7 31 59.41
7 32 56.6
7 33 58.31
7 34 55.9
7 35 63.51
7 36 58.6
7 37 63.53
7 38 65.3
7 39 63.16
7 40 56.46
7 41 44.42
7 42 45.49
7 43 43.01
7 44 56.36
7 45 48.83
7 46 51.0
7 47 44.82
7 48 37.2
7 49 50.99
7 50 49.68
7 51 51.86
7 52 48.1
7 53 66.49
7 54 62.1
7 55 57.28
7 56 67.45
7 57 58.52
7 58 68.01
7 59 63.25
7 60 68.95
7 61 40.79
7 62 35.9
7 63 31.05
7 64 41.23
7 65 47.13
7 66 36.69
7 67 31.95
7 68 43.08
7 69 37.34
7 70 54.49
7 71 50.93
7 72 40.31
7 73 52.5
7 74 35.36
7 75 13.93
7 76 47.42
7 77 28.65
7 78 36.06
7 79 49.41
7 80 52.48
7 81 44.2
7 82 22.67
7 83 20.52
7 84 16.97
7 85 36.88
7 86 17.0
7 87 24.74
7 88 12.21
7 89 6.32
7 90 15.13
7 91 10.2
7 92 17.49
7 93 20.0
7 94 13.89
7 95 10.77
7 96 30.27
7 97 15.13
7 98 5.0
7 99 10.44
7 100 15.3
7 101 26.91
8 0 11.66
8 1 23.43
8 2 14.87
8 3 29.41
8 4 26.68
8 5 9.43
8 6 25.46
8 7 26.0
8 9 11.66
8 10 6.08
8 11 9.06
8 12 26.57
8 13 19.21
8 14 27.73
8 15 24.41
8 16 28.65
8 17 21.93
8 18 24.21
8 19 27.59
8 20 10.77
8 21 5.66
8 22 10.0
8 23 20.88
8 24 13.45
8 25 13.42
8 26 26.08
8 27 13.6
8 28 30.41
8 29 17.2
8 30 14.87
8 31 34.66
8 32 31.24
8 33 32.8
8 34 30.02
8 35 38.29
8 36 32.65
8 37 37.74
8 38 39.45
8 39 37.16
8 40 42.05
8 41 28.02
8 42 28.02
8 43 25.02
8 44 40.05
8 45 30.27
8 46 35.0
8 47 25.32
8 48 20.1
8 49 42.38
8 50 29.12
8 51 31.32
8 52 26.57
8 53 55.9
8 54 50.64
8 55 45.71
8 56 55.33
8 57 45.18
8 58 55.15
8 59 50.16
8 60 55.01
8 61 34.0
8 62 29.68
8 63 25.61
8 64 33.11
8 65 36.4
8 66 28.18
8 67 23.85
8 68 31.05
8 69 27.31
8 70 67.98
8 71 65.92
8 72 35.51
8 73 65.3
8 74 31.4
8 75 12.08
8 76 61.33
8 77 40.85
8 78 48.33
8 79 60.9
8 80 61.85
8 81 56.8
8 82 41.3
8 83 38.33
8 84 36.06
8 85 53.85
8 86 32.39
8 87 33.11
8 88 31.0
8 89 22.36
8 90 26.48
8 91 26.0
8 92 41.4
8 93 8.25
8 94 38.01
8 95 34.41
8 96 34.41
8 97 36.07
8 98 28.3
8 99 29.0
8 100 32.65
8 101 11.66
9 0 23.32
9 1 24.52
9 2 17.0
9 3 34.01
9 4 32.25
9 5 14.87
9 6 30.46
9 7 30.0
9 8 11.66
9 10 8.06
9 11 7.07
9 12 15.3
9 13 7.81
9 14 16.16
9 15 12.81
9 16 17.0
9 17 11.18
9 18 13.93
9 19 16.4
9 20 20.1
9 21 14.14
9 22 18.0
9 23 14.56
9 24 20.22
9 25 7.21
9 26 21.54
9 27 18.68
9 28 28.3
9 29 21.54
9 30 17.0
9 31 39.36
9 32 34.99
9 33 36.06
9 34 32.02
9 35 41.88
9 36 33.97
9 37 39.7
9 38 41.04
9 39 37.54
9 40 52.61
9 41 38.64
9 42 38.33
9 43 35.36
9 44 50.16
9 45 40.05
9 46 45.4
9 47 35.06
9 48 31.05
9 49 53.85
9 50 38.05
9 51 40.11
9 52 35.13
9 53 66.94
9 54 61.61
9 55 56.75
9 56 66.1
9 57 55.9
9 58 65.76
9 59 60.83
9 60 65.38
9 61 45.65
9 62 41.34
9 63 37.2
9 64 44.72
9 65 47.76
9 66 39.82
9 67 35.51
9 68 42.38
9 69 38.91
9 70 78.03
9 71 75.59
9 72 47.17
9 73 75.47
9 74 43.01
9 75 17.72
9 76 71.2
9 77 50.61
9 78 58.31
9 79 71.28
9 80 72.62
9 81 66.89
9 82 49.34
9 83 46.49
9 84 43.68
9 85 62.77
9 86 40.85
9 87 43.27
9 88 38.33
9 89 28.64
9 90 35.34
9 91 33.53
9 92 41.79
9 93 18.44
9 94 38.9
9 95 35.44
9 96 45.34
9 97 35.34
9 98 30.41
9 99 28.79
9 100 30.89
9 101 23.32
10 0 16.76
10 1 19.24
10 2 10.77
10 3 27.17
10 4 25.0
10 5 7.07
10 6 30.61
10 7 23.35
10 8 6.08
10 9 8.06
10 11 3.0
10 12 21.47
10 13 15.81
10 14 23.02
10 15 20.52
10 16 24.21
10 17 19.24
10 18 21.93
10 19 24.41
10 20 16.76
10 21 11.18
10 22 15.65
10 23 21.0
10 24 18.87
10 25 13.0
10 26 27.29
10 27 18.44
10 28 32.89
10 29 21.93
10 30 18.6
10 31 39.82
10 32 36.07
10 33 37.48
10 34 34.21
10 35 43.14
10 36 36.62
10 37 42.01
10 38 43.6
10 39 40.82
10 40 48.01
10 41 34.0
10 42 34.06
10 43 31.06
10 44 46.1
10 45 36.35
10 46 41.01
10 47 31.4
10 48 26.02
10 49 47.8
10 50 35.17
10 51 37.36
10 52 32.57
10 53 61.66
10 54 56.44
10 55 51.48
10 56 61.2
10 57 51.09
10 58 61.07
10 59 56.08
10 60 61.0
10 61 39.0
10 62 34.44
10 63 30.02
10 64 38.28
10 65 41.98
10 66 33.24
10 67 28.64
10 68 36.67
10 69 32.57
10 70 69.97
10 71 67.54
10 72 40.25
10 73 67.42
10 74 35.85
10 75 10.05
10 76 63.13
10 77 42.54
10 78 50.25
10 79 63.25
10 80 64.66
10 81 58.83
10 82 41.48
10 83 38.6
10 84 35.9
10 85 54.78
10 86 32.89
10 87 35.23
10 88 30.59
10 89 21.1
10 90 27.31
10 91 25.71
10 92 37.22
10 93 10.63
10 94 34.0
10 95 30.41
10 96 37.48
10 97 31.4
10 98 24.7
10 99 24.41
10 100 27.59
10 101 16.76
11 0 19.65
11 1 18.03
11 2 10.05
11 3 27.0
11 4 25.18
11 5 8.06
11 6 33.02
11 7 23.02
11 8 9.06
11 9 7.07
11 10 3.0
11 12 18.87
11 13 14.32
11 14 20.62
11 15 18.6
11 16 21.93
11 17 18.03
11 18 20.88
11 19 22.83
11 20 19.65
11 21 13.93
11 22 18.38
11 23 21.21
11 24 21.47
11 25 13.34
11 26 27.89
11 27 20.81
11 28 34.01
11 29 24.21
11 30 20.52
11 31 42.2
11 32 38.29
11 33 39.62
11 34 36.12
11 35 45.34
11 36 38.42
11 37 43.93
11 38 45.45
11 39 42.44
11 40 51.01
11 41 37.0
11 42 37.05
11 43 34.06
11 44 49.09
11 45 39.32
11 46 44.01
11 47 34.37
11 48 29.02
11 49 50.7
11 50 38.08
11 51 40.26
11 52 35.44
11 53 64.63
11 54 59.41
11 55 54.45
11 56 64.2
11 57 54.08
11 58 64.07
11 59 59.08
11 60 64.0
11 61 41.79
11 62 37.16
11 63 32.65
11 64 41.11
11 65 44.91
11 66 36.06
11 67 31.38
11 68 39.62
11 69 35.44
11 70 71.56
11 71 68.96
11 72 42.95
11 73 69.07
11 74 38.47
11 75 10.77
11 76 64.66
11 77 44.1
11 78 51.87
11 79 65.0
11 80 66.6
11 81 60.46
11 82 42.38
11 83 39.56
11 84 36.69
11 85 55.95
11 86 34.01
11 87 37.01
11 88 31.32
11 89 21.59
11 90 28.65
11 91 26.57
11 92 35.78
11 93 13.04
11 94 32.7
11 95 29.15
11 96 39.62
11 97 29.68
11 98 23.77
11 99 22.83
11 100 25.61
11 101 19.65
12 0 38.08
12 1 28.79
12 2 25.0
12 3 40.31
12 4 39.82
12 5 26.25
12 6 43.93
12 7 36.25
12 8 26.57
12 9 15.3
12 10 21.47
12 11 18.87
12 13 10.44
12 14 3.0
12 15 7.07
12 16 5.0
12 17 12.21
12 18 14.14
12 19 11.18
12 20 35.36
12 21 29.43
12 22 33.14
12 23 21.95
12 24 35.0
12 25 19.24
12 26 28.6
12 27 33.06
12 28 36.62
12 29 35.36
12 30 30.41
12 31 52.2
12 32 47.43
12 33 48.1
12 34 43.46
12 35 53.85
12 36 44.72
12 37 50.54
12 38 51.48
12 39 47.17
12 40 67.9
12 41 53.94
12 42 53.6
12 43 50.64
12 44 65.38
12 45 55.23
12 46 60.67
12 47 50.25
12 48 46.32
12 49 68.95
12 50 53.01
12 51 55.0
12 52 50.0
12 53 82.23
12 54 76.9
12 55 72.03
12 56 81.39
12 57 71.2
12 58 81.05
12 59 76.12
12 60 80.62
12 61 60.42
12 62 55.9
12 63 51.48
12 64 59.62
12 65 62.94
12 66 54.63
12 67 50.09
12 68 57.57
12 69 53.85
12 70 89.02
12 71 86.02
12 72 61.72
12 73 86.68
12 74 57.31
12 75 28.28
12 76 82.01
12 77 61.72
12 78 69.53
12 79 82.88
12 80 84.85
12 81 78.1
12 82 58.31
12 83 55.76
12 84 52.48
12 85 72.4
12 86 50.8
12 87 55.15
12 88 47.17
12 89 37.44
12 90 46.1
12 91 43.01
12 92 42.0
12 93 31.91
12 94 40.11
12 95 37.34
12 96 58.26
12 97 35.0
12 98 34.48
12 99 30.41
12 100 30.0
12 101 38.08
13 0 30.81
13 1 30.0
13 2 23.54
13 3 40.45
13 4 39.05
13 5 22.36
13 6 33.54
13 7 36.35
13 8 19.21
13 9 7.81
13 10 15.81
13 11 14.32
13 12 10.44
13 14 10.0
13 15 5.39
13 16 10.2
13 17 4.0
13 18 7.0
13 19 8.6
13 20 26.25
13 21 20.62
13 22 23.77
13 23 12.04
13 24 25.18
13 25 9.0
13 26 19.1
13 27 23.02
13 28 26.91
13 29 25.08
13 30 20.1
13 31 41.76
13 32 37.0
13 33 37.7
13 34 33.11
13 35 43.46
13 36 34.48
13 37 40.31
13 38 41.34
13 39 37.2
13 40 58.69
13 41 44.92
13 42 44.38
13 43 41.48
13 44 55.9
13 45 45.71
13 46 51.42
13 47 40.79
13 48 37.7
13 49 60.84
13 50 43.19
13 51 45.1
13 52 40.11
13 53 73.38
13 54 68.01
13 55 63.25
13 56 72.28
13 57 62.1
13 58 71.81
13 59 66.94
13 60 71.2
13 61 53.0
13 62 48.83
13 63 44.82
13 64 51.97
13 65 54.63
13 66 47.17
13 67 43.01
13 68 49.24
13 69 46.14
13 70 85.76
13 71 83.24
13 72 54.64
13 73 83.22
13 74 50.61
13 75 25.08
13 76 78.89
13 77 58.31
13 78 66.04
13 79 79.06
13 80 80.43
13 81 74.63
13 82 56.65
13 83 53.85
13 84 50.92
13 85 70.26
13 86 48.33
13 87 51.04
13 88 45.54
13 89 35.74
13 90 42.94
13 91 40.85
13 92 46.1
13 93 26.25
13 94 43.57
13 95 40.31
13 96 53.15
13 97 39.29
13 98 36.0
13 99 33.38
13 100 34.48
13 101 30.81
14 0 39.36
14 1 31.62
14 2 27.46
14 3 43.08
14 4 42.49
14 5 28.28
14 6 43.42
14 7 39.0
14 8 27.73
14 9 16.16
14 10 23.02
14 11 20.62
14 12 3.0
14 13 10.0
14 15 5.39
14 16 2.0
14 17 10.77
14 18 12.21
14 19 8.6
14 20 35.9
14 21 30.08
14 22 33.54
14 23 20.62
14 24 35.13
14 25 19.0
14 26 26.93
14 27 33.02
14 28 34.99
14 29 35.06
14 30 30.07
14 31 51.42
14 32 46.57
14 33 47.13
14 34 42.38
14 35 52.81
14 36 43.46
14 37 49.24
14 38 50.09
14 39 45.65
14 40 68.45
14 41 54.57
14 42 54.13
14 43 51.2
14 44 65.76
14 45 55.58
14 46 61.19
14 47 50.64
14 48 47.13
14 49 70.01
14 50 53.15
14 51 55.08
14 52 50.09
14 53 82.97
14 54 77.62
14 55 72.8
14 56 82.0
14 57 71.81
14 58 81.58
14 59 76.69
14 60 81.05
14 61 61.72
14 62 57.31
14 63 53.0
14 64 60.84
14 65 63.91
14 66 55.9
14 67 51.48
14 68 58.52
14 69 55.04
14 70 91.4
14 71 88.48
14 72 63.13
14 73 89.02
14 74 58.83
14 75 30.48
14 76 84.4
14 77 64.03
14 78 71.84
14 79 85.15
14 80 87.0
14 81 80.43
14 82 60.9
14 83 58.31
14 84 55.07
14 85 74.95
14 86 53.25
14 87 57.31
14 88 49.74
14 89 39.96
14 90 48.41
14 91 45.49
14 92 45.0
14 93 33.6
14 94 43.1
14 95 40.31
14 96 60.21
14 97 38.0
14 98 37.36
14 99 33.38
14 100 33.0
14 101 39.36
15 0 36.06
15 1 32.39
15 2 26.93
15 3 43.42
15 4 42.38
15 5 26.63
15 6 38.21
15 7 39.29
15 8 24.41
15 9 12.81
15 10 20.52
15 11 18.6
15 12 7.07
15 13 5.39
15 14 5.39
15 16 5.0
15 17 5.39
15 18 7.07
15 19 5.0
15 20 31.62
15 21 26.0
15 22 29.12
15 23 15.23
15 24 30.41
15 25 14.14
15 26 21.63
15 27 28.16
15 28 29.68
15 29 30.0
15 30 25.0
15 31 46.1
15 32 41.23
15 33 41.76
15 34 37.0
15 35 47.43
15 36 38.08
15 37 43.86
15 38 44.72
15 39 40.31
15 40 64.03
15 41 50.29
15 42 49.73
15 43 46.84
15 44 61.19
15 45 50.99
15 46 56.75
15 47 46.1
15 48 43.08
15 49 66.21
15 50 48.37
15 51 50.25
15 52 45.28
15 53 78.75
15 54 73.38
15 55 68.62
15 56 77.62
15 57 67.45
15 58 77.13
15 59 72.28
15 60 76.49
15 61 58.31
15 62 54.08
15 63 50.0
15 64 57.31
15 65 60.01
15 66 52.48
15 67 48.26
15 68 54.63
15 69 51.48
15 70 90.14
15 71 87.46
15 72 59.91
15 73 87.66
15 74 55.8
15 75 29.15
15 76 83.22
15 77 62.68
15 78 70.46
15 79 83.6
15 80 85.15
15 81 79.06
15 82 60.42
15 83 57.7
15 84 54.63
15 85 74.24
15 86 52.35
15 87 55.61
15 88 49.24
15 89 39.4
15 90 47.17
15 91 44.72
15 92 47.27
15 93 31.11
15 94 45.04
15 95 42.0
15 96 58.0
15 97 40.31
15 98 38.33
15 99 35.0
15 100 35.36
15 101 36.06
16 0 40.31
16 1 33.53
16 2 29.15
16 3 44.94
16 4 44.28
16 5 29.73
16 6 43.19
16 7 40.85
16 8 28.65
16 9 17.0
16 10 24.21
16 11 21.93
16 12 5.0
16 13 10.2
16 14 2.0
16 15 5.0
16 17 10.2
16 18 11.18
16 19 7.07
16 20 36.4
16 21 30.68
16 22 33.96
16 23 19.92
16 24 35.36
16 25 19.1
16 26 25.94
16 27 33.14
16 28 34.0
16 29 35.0
16 30 30.0
16 31 50.99
16 32 46.1
16 33 46.57
16 34 41.76
16 35 52.2
16 36 42.72
16 37 48.47
16 38 49.24
16 39 44.72
16 40 68.88
16 41 55.08
16 42 54.57
16 43 51.66
16 44 66.1
16 45 55.9
16 46 61.61
16 47 50.99
16 48 47.76
16 49 70.77
16 50 53.34
16 51 55.23
16 52 50.25
16 53 83.52
16 54 78.16
16 55 73.38
16 56 82.46
16 57 72.28
16 58 82.0
16 59 77.13
16 60 81.39
16 61 62.65
16 62 58.31
16 63 54.08
16 64 61.72
16 65 64.62
16 66 56.82
16 67 52.48
16 68 59.24
16 69 55.9
16 70 93.01
16 71 90.14
16 72 64.14
16 73 90.6
16 74 59.91
16 75 32.02
16 76 86.02
16 77 65.6
16 78 73.41
16 79 86.68
16 80 88.46
16 81 82.01
16 82 62.65
16 83 60.03
16 84 56.82
16 85 76.66
16 86 54.92
16 87 58.8
16 88 51.48
16 89 41.68
16 90 50.0
16 91 47.17
16 92 47.0
16 93 34.83
16 94 45.1
16 95 42.3
16 96 61.55
16 97 40.0
16 98 39.29
16 99 35.36
16 100 35.0
16 101 40.31
17 0 33.3
17 1 34.0
17 2 27.46
17 3 44.41
17 4 42.95
17 5 26.0
17 6 33.06
17 7 40.31
17 8 21.93
17 9 11.18
17 10 19.24
17 11 18.03
17 12 12.21
17 13 4.0
17 14 10.77
17 15 5.39
17 16 10.2
17 18 3.0
17 19 5.83
17 20 27.73
17 21 22.47
17 22 25.08
17 23 9.85
17 24 25.96
17 25 9.85
17 26 16.4
17 27 23.54
17 28 24.41
17 29 25.08
17 30 20.1
17 31 40.79
17 32 35.9
17 33 36.4
17 34 31.62
17 35 42.06
17 36 32.7
17 37 38.48
17 38 39.36
17 39 34.99
17 40 59.77
17 41 46.24
17 42 45.54
17 43 42.72
17 44 56.75
17 45 46.57
17 46 52.5
17 47 41.76
17 48 39.36
17 49 62.65
17 50 43.74
17 51 45.54
17 52 40.61
17 53 74.67
17 54 69.29
17 55 64.62
17 56 73.38
17 57 63.25
17 58 72.8
17 59 68.01
17 60 72.03
17 61 55.22
17 62 51.22
17 63 47.42
17 64 54.08
17 65 56.36
17 66 49.41
17 67 45.45
17 68 51.0
17 69 48.26
17 70 89.19
17 71 86.77
17 72 57.01
17 73 86.61
17 74 53.15
17 75 28.79
17 76 82.37
17 77 61.77
17 78 69.46
17 79 82.38
17 80 83.6
17 81 78.03
17 82 60.41
17 83 57.58
17 84 54.71
17 85 73.93
17 86 52.0
17 87 54.38
17 88 49.34
17 89 39.56
17 90 46.52
17 91 44.6
17 92 50.01
17 93 29.41
17 94 47.52
17 95 44.28
17 96 56.22
17 97 43.17
17 98 40.0
17 99 37.34
17 100 38.33
17 101 33.3
18 0 35.36
18 1 37.0
18 2 30.41
18 3 47.38
18 4 45.89
18 5 28.79
18 6 33.02
18 7 43.29
18 8 24.21
18 9 13.93
18 10 21.93
18 11 20.88
18 12 14.14
18 13 7.0
18 14 12.21
18 15 7.07
18 16 11.18
18 17 3.0
18 19 5.0
18 20 29.15
18 21 24.21
18 22 26.42
18 23 9.06
18 24 26.93
18 25 11.4
18 26 14.76
18 27 24.35
18 28 22.83
18 29 25.5
18 30 20.62
18 31 40.31
18 32 35.36
18 33 35.69
18 34 30.81
18 35 41.23
18 36 31.62
18 37 37.34
18 38 38.08
18 39 33.54
18 40 60.75
18 41 47.42
18 42 46.62
18 43 43.86
18 44 57.57
18 45 47.43
18 46 53.49
18 47 42.72
18 48 40.82
18 49 64.14
18 50 44.38
18 51 46.1
18 52 41.23
18 53 75.77
18 54 70.38
18 55 65.8
18 56 74.33
18 57 64.26
18 58 73.68
18 59 68.95
18 60 72.8
18 61 57.01
18 62 53.15
18 63 49.5
18 64 55.8
18 65 57.8
18 66 51.22
18 67 47.42
18 68 52.48
18 69 50.0
18 70 91.79
18 71 89.44
18 72 58.9
18 73 89.19
18 74 55.17
18 75 31.62
18 76 85.0
18 77 64.41
18 78 72.07
18 79 84.91
18 80 86.02
18 81 80.62
18 82 63.25
18 83 60.41
18 84 57.57
18 85 76.69
18 86 54.78
18 87 56.94
18 88 52.2
18 89 42.45
18 90 49.24
18 91 47.43
18 92 52.95
18 93 31.91
18 94 50.49
18 95 47.27
18 96 58.6
18 97 46.1
18 98 43.0
18 99 40.31
18 100 41.23
18 101 35.36
19 0 39.05
19 1 37.34
19 2 31.62
19 3 48.27
19 4 47.13
19 5 30.89
19 6 38.01
19 7 44.15
19 8 27.59
19 9 16.4
19 10 24.41
19 11 22.83
19 12 11.18
19 13 8.6
19 14 8.6
19 15 5.0
19 16 7.07
19 17 5.83
19 18 5.0
19 20 33.54
19 21 28.3
19 22 30.87
19 23 14.04
19 24 31.62
19 25 15.65
19 26 19.31
19 27 29.12
19 28 27.31
19 29 30.41
19 30 25.5
19 31 45.28
19 32 40.31
19 33 40.61
19 34 35.69
19 35 46.1
19 36 36.4
19 37 42.06
19 38 42.72
19 39 38.08
19 40 65.46
19 41 52.0
19 42 51.26
19 43 48.47
19 44 62.36
19 45 52.2
19 46 58.19
19 47 47.43
19 48 45.18
19 49 68.48
19 50 49.24
19 51 50.99
19 52 46.1
19 53 80.41
19 54 75.03
19 55 70.38
19 56 79.06
19 57 68.95
19 58 78.45
19 59 73.68
19 60 77.62
19 61 61.03
19 62 57.01
19 63 53.15
19 64 59.91
19 65 62.18
19 66 55.22
19 67 51.22
19 68 56.82
19 69 54.08
19 70 94.34
19 71 91.79
19 72 62.8
19 73 91.81
19 74 58.9
19 75 33.54
19 76 87.46
19 77 66.89
19 78 74.63
19 79 87.66
19 80 89.02
19 81 83.22
19 82 65.0
19 83 62.24
19 84 59.24
19 85 78.72
19 86 56.8
19 87 59.64
19 88 53.85
19 89 44.01
19 90 51.48
19 91 49.24
19 92 52.24
19 93 34.83
19 94 50.04
19 95 47.0
19 96 61.72
19 97 45.28
19 98 43.29
19 99 40.0
19 100 40.31
19 101 39.05
20 0 10.0
20 1 33.3
20 2 25.0
20 3 37.22
20 4 34.0
20 5 19.21
20 6 16.12
20 7 34.41
20 8 10.77
20 9 20.1
20 10 16.76
20 11 19.65
20 12 35.36
20 13 26.25
20 14 35.9
20 15 31.62
20 16 36.4
20 17 27.73
20 18 29.15
20 19 33.54
20 21 6.0
20 22 2.83
20 23 22.63
20 24 5.0
20 25 17.89
20 26 25.06
20 27 7.28
20 28 26.48
20 29 10.0
20 30 11.18
20 31 25.0
20 32 22.36
20 33 24.17
20 34 22.56
20 35 29.15
20 36 25.5
20 37 29.73
20 38 31.62
20 39 30.41
20 40 32.56
20 41 18.68
20 42 18.25
20 43 15.3
20 44 30.07
20 45 20.0
20 46 25.32
20 47 15.0
20 48 11.66
20 49 34.99
20 50 18.44
20 51 20.62
20 52 15.81
20 53 47.13
20 54 41.76
20 55 37.0
20 56 46.1
20 57 35.9
20 58 45.71
20 59 40.79
20 60 45.28
20 61 28.28
20 62 25.0
20 63 22.36
20 64 26.91
20 65 28.65
20 66 22.67
20 67 19.72
20 68 23.32
20 69 21.21
20 70 68.01
20 71 66.71
20 72 30.48
20 73 65.15
20 74 27.46
20 75 21.21
20 76 61.85
20 77 42.3
20 78 49.03
20 79 60.41
20 80 60.42
20 81 57.01
20 82 45.28
20 83 42.3
20 84 40.79
20 85 56.14
20 86 36.35
20 87 34.23
20 88 36.4
20 89 29.53
20 90 30.41
20 91 31.62
20 92 50.93
20 93 14.42
20 94 47.42
20 95 43.86
20 96 33.53
20 97 46.1
20 98 37.54
20 99 39.05
20 100 43.01
20 101 10.0
21 0 11.66
21 1 29.07
21 2 20.52
21 3 34.54
21 4 31.62
21 5 15.0
21 6 19.8
21 7 31.3
21 8 5.66
21 9 14.14
21 10 11.18
21 11 13.93
21 12 29.43
21 13 20.62
21 14 30.08
21 15 26.0
21 16 30.68
21 17 22.47
21 18 24.21
21 19 28.3
21 20 6.0
21 22 4.47
21 23 18.87
21 24 7.81
21 25 12.81
21 26 22.8
21 27 8.06
21 28 26.02
21 29 11.66
21 30 10.05
21 31 29.0
21 32 25.61
21 33 27.2
21 34 24.6
21 35 32.65
21 36 27.31
21 37 32.25
21 38 34.0
21 39 31.95
21 40 38.47
21 41 24.52
21 42 24.19
21 43 21.21
21 44 36.06
21 45 26.0
21 46 31.26
21 47 21.0
21 48 17.09
21 49 40.25
21 50 24.33
21 51 26.48
21 52 21.59
21 53 52.89
21 54 47.54
21 55 42.72
21 56 51.97
21 57 41.77
21 58 51.62
21 59 46.69
21 60 51.24
21 61 32.8
21 62 29.0
21 63 25.61
21 64 31.62
21 65 34.01
21 66 27.02
21 67 23.35
21 68 28.64
21 69 25.81
21 70 70.01
21 71 68.31
21 72 34.71
21 73 67.23
21 74 31.14
21 75 17.49
21 76 63.57
21 77 43.42
21 78 50.6
21 79 62.65
21 80 63.13
21 81 58.87
21 82 45.01
21 83 42.01
21 84 40.05
21 85 56.89
21 86 36.01
21 87 35.44
21 88 35.23
21 89 27.2
21 90 30.02
21 91 30.27
21 92 47.01
21 93 12.17
21 94 43.6
21 95 40.0
21 96 35.78
21 97 41.73
21 98 33.84
21 99 34.66
21 100 38.29
21 101 11.66
22 0 12.17
22 1 33.24
22 2 24.76
22 3 38.01
22 4 34.93
22 5 19.1
22 6 15.62
22 7 34.99
22 8 10.0
22 9 18.0
22 10 15.65
22 11 18.38
22 12 33.14
22 13 23.77
22 14 33.54
22 15 29.12
22 16 33.96
22 17 25.08
22 18 26.42
22 19 30.87
22 20 2.83
22 21 4.47
22 23 19.8
22 24 3.61
22 25 15.23
22 26 22.36
22 27 5.0
22 28 24.19
22 29 8.25
22 30 8.54
22 31 24.76
22 32 21.63
22 33 23.32
22 34 21.19
22 35 28.6
22 36 24.04
22 37 28.64
22 38 30.46
22 39 28.86
22 40 34.93
22 41 21.19
22 42 20.62
22 43 17.72
22 44 32.25
22 45 22.09
22 46 27.66
22 47 17.12
22 48 14.42
22 49 37.74
22 50 20.1
22 51 22.2
22 52 17.26
22 53 49.65
22 54 44.27
22 55 39.56
22 56 48.51
22 57 38.33
22 58 48.05
22 59 43.17
22 60 47.52
22 61 31.11
22 62 27.8
22 63 25.06
22 64 29.73
22 65 31.38
22 66 25.5
22 67 22.47
22 68 26.08
22 69 24.04
22 70 70.52
22 71 69.12
22 72 33.3
22 73 67.68
22 74 30.23
22 75 21.4
22 76 64.29
22 77 44.55
22 78 51.42
22 79 62.97
22 80 63.07
22 81 59.48
22 82 47.1
22 83 44.1
22 84 42.43
22 85 58.31
22 86 38.12
22 87 36.5
22 88 37.85
22 89 30.46
22 90 32.14
22 91 32.98
22 92 51.09
22 93 15.23
22 94 47.63
22 95 44.05
22 96 36.06
22 97 45.97
22 98 37.8
22 99 38.9
22 100 42.64
22 101 12.17
23 0 30.53
23 1 39.05
23 2 31.26
23 3 48.09
23 4 46.0
23 5 28.02
23 6 24.08
23 7 44.18
23 8 20.88
23 9 14.56
23 10 21.0
23 11 21.21
23 12 21.95
23 13 12.04
23 14 20.62
23 15 15.23
23 16 19.92
23 17 9.85
23 18 9.06
23 19 14.04
23 20 22.63
23 21 18.87
23 22 19.8
23 24 19.42
23 25 8.0
23 26 7.21
23 27 16.64
23 28 14.87
23 29 17.09
23 30 12.53
23 31 31.26
23 32 26.31
23 33 26.68
23 34 21.84
23 35 32.28
23 36 22.85
23 37 28.64
23 38 29.53
23 39 25.24
23 40 52.8
23 41 39.96
23 42 38.95
23 43 36.36
23 44 49.4
23 45 39.4
23 46 45.62
23 47 34.89
23 48 34.06
23 49 57.2
23 50 36.06
23 51 37.64
23 52 32.89
23 53 67.98
23 54 62.61
23 55 58.18
23 56 66.31
23 57 56.36
23 58 65.55
23 59 60.93
23 60 64.51
23 61 50.91
23 62 47.51
23 63 44.41
23 64 49.52
23 65 50.8
23 66 45.28
23 67 42.01
23 68 45.61
23 69 43.84
23 70 88.64
23 71 86.73
23 72 53.08
23 73 85.91
23 74 49.82
23 75 31.02
23 76 82.08
23 77 61.68
23 78 69.08
23 79 81.39
23 80 81.99
23 81 77.47
23 82 61.98
23 83 59.03
23 84 56.57
23 85 74.73
23 86 53.15
23 87 53.85
23 88 51.35
23 89 42.05
23 90 47.3
23 91 46.39
23 92 56.3
23 93 29.12
23 94 53.45
23 95 50.0
23 96 54.59
23 97 49.77
23 98 44.91
23 99 43.32
23 100 45.19
23 101 30.53
24 0 15.0
24 1 36.8
24 2 28.28
24 3 41.59
24 4 38.48
24 5 22.67
24 6 12.04
24 7 38.59
24 8 13.45
24 9 20.22
24 10 18.87
24 11 21.47
24 12 35.0
24 13 25.18
24 14 35.13
24 15 30.41
24 16 35.36
24 17 25.96
24 18 26.93
24 19 31.62
24 20 5.0
24 21 7.81
24 22 3.61
24 23 19.42
24 25 16.28
24 26 20.81
24 27 2.83
24 28 21.59
24 29 5.0
24 30 7.07
24 31 21.21
24 32 18.03
24 33 19.72
24 34 17.72
24 35 25.0
24 36 20.62
24 37 25.08
24 38 26.93
24 39 25.5
24 40 33.84
24 41 20.59
24 42 19.7
24 43 17.0
24 44 30.81
24 45 20.62
24 46 26.57
24 47 15.81
24 48 14.87
24 49 37.8
24 50 18.03
24 51 20.0
24 52 15.0
24 53 48.85
24 54 43.46
24 55 38.91
24 56 47.43
24 57 37.34
24 58 46.84
24 59 42.06
24 60 46.1
24 61 32.02
24 62 29.15
24 63 26.93
24 64 30.48
24 65 31.4
24 66 26.63
24 67 24.17
24 68 26.25
24 69 25.0
24 70 72.8
24 71 71.59
24 72 34.41
24 73 69.92
24 74 31.76
24 75 25.0
24 76 66.71
24 77 47.27
24 78 53.94
24 79 65.15
24 80 65.0
24 81 61.85
24 82 50.25
24 83 47.27
24 84 45.71
24 85 61.13
24 86 41.3
24 87 39.2
24 88 41.23
24 89 34.01
24 90 35.36
24 91 36.4
24 92 54.67
24 93 18.79
24 94 51.22
24 95 47.63
24 96 38.33
24 97 49.5
24 98 41.4
24 99 42.43
24 100 46.1
24 101 15.0
25 0 24.08
25 1 31.32
25 2 23.35
25 3 40.11
25 4 38.0
25 5 20.02
25 6 24.74
25 7 36.22
25 8 13.42
25 9 7.21
25 10 13.0
25 11 13.34
25 12 19.24
25 13 9.0
25 14 19.0
25 15 14.14
25 16 19.1
25 17 9.85
25 18 11.4
25 19 15.65
25 20 17.89
25 21 12.81
25 22 15.23
25 23 8.0
25 24 16.28
25 26 14.56
25 27 14.04
25 28 21.1
25 29 16.12
25 30 11.18
25 31 33.24
25 32 28.64
25 33 29.53
25 34 25.24
25 35 35.36
25 36 27.02
25 37 32.8
25 38 34.06
25 39 30.41
25 40 50.0
25 41 36.4
25 42 35.74
25 43 32.89
25 44 47.07
25 45 36.88
25 46 42.72
25 47 32.02
25 48 29.53
25 49 52.84
25 50 34.23
25 51 36.12
25 52 31.14
25 53 64.85
25 54 59.46
25 55 54.78
25 56 63.6
25 57 53.45
25 58 63.06
25 59 58.24
25 60 62.37
25 61 45.61
25 62 41.77
25 63 38.21
25 64 44.41
25 65 46.53
25 66 39.82
25 67 36.07
25 68 41.18
25 69 38.6
25 70 81.39
25 71 79.31
25 72 47.51
25 73 78.71
25 74 43.84
25 75 23.02
25 76 74.73
25 77 54.23
25 78 61.74
25 79 74.3
25 80 75.17
25 81 70.21
25 82 54.13
25 83 51.2
25 84 48.66
25 85 67.05
25 86 45.35
25 87 46.52
25 88 43.42
25 89 34.06
25 90 39.56
25 91 38.47
25 92 48.85
25 93 21.54
25 94 45.88
25 95 42.38
25 96 47.71
25 97 42.49
25 98 37.11
25 99 35.85
25 100 38.08
25 101 24.08
26 0 34.18
26 1 45.88
26 2 37.85
26 3 54.45
26 4 52.15
26 5 34.13
26 6 21.54
26 7 50.64
26 8 26.08
26 9 21.54
26 10 27.29
26 11 27.89
26 12 28.6
26 13 19.1
26 14 26.93
26 15 21.63
26 16 25.94
26 17 16.4
26 18 14.76
26 19 19.31
26 20 25.06
26 21 22.8
26 22 22.36
26 23 7.21
26 24 20.81
26 25 14.56
26 27 18.03
26 28 8.06
26 29 16.97
26 30 13.89
26 31 27.07
26 32 22.09
26 33 22.0
26 34 17.0
26 35 27.17
26 36 17.26
26 37 22.8
26 38 23.41
26 39 18.79
26 40 52.15
26 41 40.36
26 42 39.05
26 43 36.8
26 44 48.37
