param o := 0;
param s := 101;

set POI := 1 2 3 4 5 6 7 8 9 10 11 12 13 14 15 16 17 18 19 20 21 22 23 24 25 26 27 28 29 30 31 32 33 34 35 36 37 38 39 40 41 42 43 44 45 46 47 48 49 50 51 52 53 54 55 56 57 58 59 60 61 62 63 64 65 66 67 68 69 70 71 72 73 74 75 76 77 78 79 80 81 82 83 84 85 86 87 88 89 90 91 92 93 94 95 96 97 98 99 100;
set M := 1 2 3;
set Z := 1 2 3 4 5;


param e :=
0 1 0 0 2 0 0 3 0 0 4 0 0 5 0
1 1 1 1 2 1 1 3 0 1 4 0 1 5 0
2 1 0 2 2 1 2 3 0 2 4 0 2 5 0
3 1 0 3 2 1 3 3 0 3 4 0 3 5 0
4 1 1 4 2 1 4 3 1 4 4 0 4 5 0
5 1 1 5 2 1 5 3 0 5 4 0 5 5 1
6 1 1 6 2 1 6 3 1 6 4 0 6 5 0
7 1 1 7 2 1 7 3 0 7 4 0 7 5 0
8 1 1 8 2 0 8 3 0 8 4 0 8 5 0
9 1 1 9 2 0 9 3 0 9 4 0 9 5 0
10 1 1 10 2 1 10 3 0 10 4 0 10 5 0
11 1 1 11 2 1 11 3 0 11 4 0 11 5 0
12 1 1 12 2 1 12 3 0 12 4 0 12 5 0
13 1 1 13 2 0 13 3 1 13 4 0 13 5 0
14 1 0 14 2 0 14 3 1 14 4 0 14 5 0
15 1 1 15 2 0 15 3 0 15 4 0 15 5 1
16 1 1 16 2 1 16 3 0 16 4 0 16 5 0
17 1 1 17 2 0 17 3 0 17 4 0 17 5 0
18 1 1 18 2 1 18 3 0 18 4 0 18 5 0
19 1 1 19 2 1 19 3 0 19 4 0 19 5 0
20 1 1 20 2 1 20 3 1 20 4 0 20 5 0
21 1 1 21 2 0 21 3 0 21 4 1 21 5 0
22 1 1 22 2 1 22 3 0 22 4 0 22 5 0
23 1 1 23 2 0 23 3 1 23 4 0 23 5 0
24 1 1 24 2 0 24 3 0 24 4 0 24 5 0
25 1 1 25 2 1 25 3 0 25 4 0 25 5 0
26 1 1 26 2 0 26 3 0 26 4 0 26 5 0
27 1 1 27 2 1 27 3 0 27 4 0 27 5 0
28 1 1 28 2 1 28 3 1 28 4 0 28 5 0
29 1 1 29 2 1 29 3 0 29 4 0 29 5 0
30 1 1 30 2 0 30 3 0 30 4 0 30 5 0
31 1 1 31 2 1 31 3 1 31 4 0 31 5 1
32 1 0 32 2 1 32 3 1 32 4 0 32 5 0
33 1 1 33 2 1 33 3 0 33 4 0 33 5 0
34 1 1 34 2 0 34 3 1 34 4 0 34 5 0
35 1 1 35 2 0 35 3 0 35 4 0 35 5 0
36 1 1 36 2 0 36 3 0 36 4 0 36 5 0
37 1 1 37 2 0 37 3 1 37 4 0 37 5 0
38 1 1 38 2 1 38 3 0 38 4 0 38 5 0
39 1 1 39 2 0 39 3 0 39 4 0 39 5 0
40 1 1 40 2 1 40 3 1 40 4 0 40 5 0
41 1 1 41 2 1 41 3 0 41 4 0 41 5 0
42 1 1 42 2 1 42 3 1 42 4 1 42 5 0
43 1 1 43 2 1 43 3 0 43 4 0 43 5 0
44 1 1 44 2 1 44 3 0 44 4 0 44 5 0
45 1 1 45 2 0 45 3 0 45 4 0 45 5 0
46 1 1 46 2 1 46 3 1 46 4 0 46 5 1
47 1 1 47 2 1 47 3 0 47 4 0 47 5 0
48 1 1 48 2 1 48 3 0 48 4 0 48 5 0
49 1 1 49 2 0 49 3 0 49 4 0 49 5 0
50 1 1 50 2 1 50 3 1 50 4 0 50 5 0
51 1 1 51 2 1 51 3 1 51 4 0 51 5 0
52 1 1 52 2 1 52 3 1 52 4 0 52 5 0
53 1 1 53 2 0 53 3 0 53 4 0 53 5 0
54 1 1 54 2 0 54 3 0 54 4 0 54 5 0
55 1 1 55 2 1 55 3 1 55 4 0 55 5 0
56 1 0 56 2 1 56 3 0 56 4 0 56 5 0
57 1 1 57 2 0 57 3 0 57 4 0 57 5 0
58 1 1 58 2 1 58 3 0 58 4 0 58 5 0
59 1 1 59 2 0 59 3 0 59 4 0 59 5 0
60 1 1 60 2 0 60 3 1 60 4 0 60 5 0
61 1 1 61 2 1 61 3 0 61 4 0 61 5 0
62 1 1 62 2 1 62 3 0 62 4 0 62 5 0
63 1 0 63 2 0 63 3 1 63 4 0 63 5 1
64 1 1 64 2 1 64 3 0 64 4 0 64 5 0
65 1 1 65 2 0 65 3 1 65 4 0 65 5 0
66 1 1 66 2 1 66 3 0 66 4 0 66 5 0
67 1 1 67 2 1 67 3 0 67 4 0 67 5 0
68 1 0 68 2 1 68 3 0 68 4 0 68 5 0
69 1 1 69 2 0 69 3 0 69 4 0 69 5 0
70 1 1 70 2 1 70 3 0 70 4 1 70 5 0
71 1 1 71 2 0 71 3 0 71 4 1 71 5 0
72 1 1 72 2 0 72 3 0 72 4 1 72 5 0
73 1 1 73 2 1 73 3 0 73 4 0 73 5 0
74 1 0 74 2 1 74 3 0 74 4 0 74 5 0
75 1 1 75 2 1 75 3 0 75 4 0 75 5 0
76 1 1 76 2 1 76 3 1 76 4 0 76 5 0
77 1 1 77 2 1 77 3 1 77 4 0 77 5 0
78 1 0 78 2 1 78 3 1 78 4 0 78 5 0
79 1 1 79 2 0 79 3 0 79 4 0 79 5 0
80 1 1 80 2 0 80 3 0 80 4 0 80 5 0
81 1 1 81 2 0 81 3 0 81 4 0 81 5 0
82 1 1 82 2 0 82 3 1 82 4 0 82 5 0
83 1 1 83 2 0 83 3 1 83 4 0 83 5 0
84 1 1 84 2 1 84 3 0 84 4 0 84 5 0
85 1 1 85 2 0 85 3 1 85 4 0 85 5 0
86 1 1 86 2 1 86 3 0 86 4 0 86 5 0
87 1 1 87 2 1 87 3 1 87 4 0 87 5 0
88 1 0 88 2 1 88 3 0 88 4 0 88 5 0
89 1 1 89 2 1 89 3 1 89 4 0 89 5 1
90 1 0 90 2 1 90 3 1 90 4 0 90 5 0
91 1 0 91 2 1 91 3 0 91 4 0 91 5 0
92 1 1 92 2 1 92 3 0 92 4 0 92 5 0
93 1 1 93 2 1 93 3 0 93 4 1 93 5 0
94 1 1 94 2 0 94 3 1 94 4 0 94 5 0
95 1 1 95 2 0 95 3 0 95 4 0 95 5 0
96 1 0 96 2 1 96 3 0 96 4 0 96 5 0
97 1 1 97 2 1 97 3 0 97 4 0 97 5 0
98 1 1 98 2 1 98 3 0 98 4 0 98 5 0
99 1 1 99 2 0 99 3 0 99 4 1 99 5 0
100 1 0 100 2 0 100 3 0 100 4 0 100 5 0
101 1 0 101 2 0 101 3 0 101 4 0 101 5 0
;

param SCORE :=
0 0
1 20
2 30
3 10
4 40
5 20
6 20
7 20
8 10
9 20
10 30
11 40
12 20
13 10
14 10
15 20
16 20
17 20
18 20
19 40
20 10
21 10
22 40
23 30
24 10
25 20
26 30
27 20
28 10
29 10
30 10
31 20
32 10
33 10
34 30
35 20
36 40
37 10
38 30
39 10
40 30
41 20
42 10
43 20
44 10
45 10
46 10
47 10
48 10
49 10
50 30
51 19
52 3
53 5
54 16
55 16
56 19
57 23
58 20
59 19
60 17
61 9
62 3
63 6
64 17
65 16
66 16
67 9
68 21
69 27
70 23
71 14
72 8
73 5
74 8
75 16
76 31
77 7
78 27
79 30
80 13
81 10
82 9
83 14
84 18
85 2
86 28
87 13
88 19
89 25
90 6
91 13
92 14
93 3
94 23
95 6
96 26
97 35
98 9
99 15
100 3
101 0
;

param OT :=
0 0
1 0
2 0
3 0
4 141
5 0
6 95
7 0
8 91
9 91
10 119
11 59
12 0
13 142
14 0
15 58
16 0
17 149
18 0
19 0
20 0
21 0
22 92
23 65
24 0
25 154
26 0
27 62
28 0
29 0
30 74
31 0
32 0
33 51
34 0
35 139
36 43
37 0
38 75
39 37
40 85
41 92
42 33
43 0
44 64
45 37
46 0
47 0
48 0
49 104
50 0
51 0
52 0
53 91
54 0
55 140
56 130
57 0
58 152
59 0
60 0
61 0
62 52
63 0
64 53
65 11
66 133
67 70
68 144
69 41
70 180
71 0
72 0
73 0
74 141
75 0
76 75
77 150
78 90
79 89
80 192
81 0
82 0
83 0
84 96
85 0
86 0
87 90
88 67
89 0
90 0
91 0
92 14
93 178
94 0
95 0
96 0
97 0
98 0
99 77
100 180
101 0
;

param TT :=
0 0
1 10
2 10
3 10
4 10
5 10
6 10
7 10
8 10
9 10
10 10
11 10
12 10
13 10
14 10
15 10
16 10
17 10
18 10
19 10
20 10
21 10
22 10
23 10
24 10
25 10
26 10
27 10
28 10
29 10
30 10
31 10
32 10
33 10
34 10
35 10
36 10
37 10
38 10
39 10
40 10
41 10
42 10
43 10
44 10
45 10
46 10
47 10
48 10
49 10
50 10
51 10
52 10
53 10
54 10
55 10
56 10
57 10
58 10
59 10
60 10
61 10
62 10
63 10
64 10
65 10
66 10
67 10
68 10
69 10
70 10
71 10
72 10
73 10
74 10
75 10
76 10
77 10
78 10
79 10
80 10
81 10
82 10
83 10
84 10
85 10
86 10
87 10
88 10
89 10
90 10
91 10
92 10
93 10
94 10
95 10
96 10
97 10
98 10
99 10
100 10
101 0
;

param CT :=
0 240
1 191
2 199
3 190
4 171
5 189
6 125
7 194
8 121
9 121
10 149
11 89
12 197
13 172
14 194
15 88
16 188
17 179
18 184
19 189
20 194
21 185
22 122
23 95
24 194
25 184
26 171
27 92
28 174
29 177
30 104
31 179
32 178
33 81
34 182
35 169
36 73
37 189
38 105
39 67
40 115
41 122
42 63
43 191
44 94
45 67
46 192
47 191
48 184
49 134
50 194
51 196
52 205
53 121
54 211
55 170
56 160
57 203
58 182
59 187
60 203
61 214
62 82
63 190
64 83
65 41
66 163
67 100
68 174
69 71
70 210
71 204
72 202
73 190
74 171
75 172
76 105
77 180
78 120
79 119
80 222
81 217
82 215
83 210
84 126
85 194
86 197
87 120
88 97
89 177
90 225
91 217
92 44
93 208
94 212
95 209
96 214
97 181
98 215
99 107
100 210
101 240
;

param t :=
0 1 38.08
0 2 30.81
0 3 39.36
0 4 36.06
0 5 40.31
0 6 33.3
0 7 35.36
0 8 39.05
0 9 33.54
0 10 31.62
0 11 33.53
0 12 32.39
0 13 38.08
0 14 35.36
0 15 39.29
0 16 41.23
0 17 40.31
0 18 45.18
0 19 40.05
0 20 35.06
0 21 45.0
0 22 35.0
0 23 45.04
0 24 35.06
0 25 45.28
0 26 58.52
0 27 57.01
0 28 55.71
0 29 52.2
0 30 52.0
0 31 50.29
0 32 51.08
0 33 51.48
0 34 47.43
0 35 44.2
0 36 43.01
0 37 40.61
0 38 37.2
0 39 36.06
0 40 40.31
0 41 30.81
0 42 33.54
0 43 38.08
0 44 35.34
0 45 37.74
0 46 37.2
0 47 38.33
0 48 45.04
0 49 38.05
0 50 35.34
0 51 33.54
0 52 25.0
0 53 20.0
0 54 18.03
0 55 14.14
0 56 18.03
0 57 26.93
0 58 47.17
0 59 42.43
0 60 26.93
0 61 15.81
0 62 29.15
0 63 39.05
0 64 20.62
0 65 11.18
0 66 13.04
0 67 25.3
0 68 10.0
0 69 9.22
0 70 19.65
0 71 25.5
0 72 27.46
0 73 39.29
0 74 36.06
0 75 57.01
0 76 42.94
0 77 49.98
0 78 32.56
0 79 38.47
0 80 7.62
0 81 12.04
0 82 14.76
0 83 19.24
0 84 27.02
0 85 35.47
0 86 32.2
0 87 38.21
0 88 17.89
0 89 52.48
0 90 4.24
0 91 12.04
0 92 14.76
0 93 21.1
0 94 17.12
0 95 20.62
0 96 15.52
0 97 48.17
0 98 14.14
0 99 20.52
0 100 19.24
0 101 0.0
1 0 38.08
1 2 10.44
1 3 3.0
1 4 7.07
1 5 5.0
1 6 12.21
1 7 14.14
1 8 11.18
1 9 52.2
1 10 47.43
1 11 48.1
1 12 43.46
1 13 53.85
1 14 44.72
1 15 50.54
1 16 51.48
1 17 47.17
1 18 82.23
1 19 76.9
1 20 72.03
1 21 81.39
1 22 71.59
1 23 81.05
1 24 71.2
1 25 80.62
1 26 89.02
1 27 86.02
1 28 86.68
1 29 82.01
1 30 83.63
1 31 80.43
1 32 82.88
1 33 84.85
1 34 78.1
1 35 42.0
1 36 40.0
1 37 40.11
1 38 37.34
1 39 35.36
1 40 35.0
1 41 34.48
1 42 30.41
1 43 30.0
1 44 30.15
1 45 5.83
1 46 8.6
1 47 46.14
1 48 81.79
1 49 74.95
1 50 68.62
1 51 71.59
1 52 55.0
1 53 35.36
1 54 39.05
1 55 25.5
1 56 55.9
1 57 60.21
1 58 75.66
1 59 66.71
1 60 26.93
1 61 28.28
1 62 64.03
1 63 76.32
1 64 58.52
1 65 46.1
1 66 50.6
1 67 58.05
1 68 29.15
1 69 33.54
1 70 18.87
1 71 50.0
1 72 42.94
1 73 33.97
1 74 65.19
1 75 82.46
1 76 80.96
1 77 82.02
1 78 33.62
1 79 25.5
1 80 43.91
1 81 36.12
1 82 42.05
1 83 55.32
1 84 64.5
1 85 72.72
1 86 61.13
1 87 62.37
1 88 27.02
1 89 90.35
1 90 39.85
1 91 49.24
1 92 50.48
1 93 48.84
1 94 48.92
1 95 57.14
1 96 43.14
1 97 70.21
1 98 33.02
1 99 50.01
1 100 18.97
1 101 38.08
2 0 30.81
2 1 10.44
2 3 10.0
2 4 5.39
2 5 10.2
2 6 4.0
2 7 7.0
2 8 8.6
2 9 41.76
2 10 37.0
2 11 37.7
2 12 33.11
2 13 43.46
2 14 34.48
2 15 40.31
2 16 41.34
2 17 37.2
2 18 73.38
2 19 68.01
2 20 63.25
2 21 72.28
2 22 62.64
2 23 71.81
2 24 62.1
2 25 71.2
2 26 85.76
2 27 83.24
2 28 83.22
2 29 78.89
2 30 79.88
2 31 77.18
2 32 79.06
2 33 80.43
2 34 74.63
2 35 46.1
2 36 44.15
2 37 43.57
2 38 40.31
2 39 38.33
2 40 39.29
2 41 36.0
2 42 33.38
2 43 34.48
2 44 33.73
2 45 7.28
2 46 6.4
2 47 36.06
2 48 72.8
2 49 66.1
2 50 64.03
2 51 64.14
2 52 45.1
2 53 25.08
2 54 36.25
2 55 17.0
2 56 48.83
2 57 50.64
2 58 65.38
2 59 56.29
2 60 16.55
2 61 25.08
2 62 58.73
2 63 69.81
2 64 50.54
2 65 37.34
2 66 42.49
2 67 53.41
2 68 23.43
2 69 24.7
2 70 14.32
2 71 47.42
2 72 42.2
2 73 25.0
2 74 55.04
2 75 72.03
2 76 73.57
2 77 72.01
2 78 23.6
2 79 17.46
2 80 37.54
2 81 31.91
2 82 32.39
2 83 46.49
2 84 57.8
2 85 66.22
2 86 51.01
2 87 51.97
2 88 17.12
2 89 83.22
2 90 31.76
2 91 42.64
2 92 44.55
2 93 45.28
2 94 44.2
2 95 50.99
2 96 39.12
2 97 59.77
2 98 23.35
2 99 40.2
2 100 12.04
2 101 30.81
3 0 39.36
3 1 3.0
3 2 10.0
3 4 5.39
3 5 2.0
3 6 10.77
3 7 12.21
3 8 8.6
3 9 51.42
3 10 46.57
3 11 47.13
3 12 42.38
3 13 52.81
3 14 43.46
3 15 49.24
3 16 50.09
3 17 45.65
3 18 82.97
3 19 77.62
3 20 72.8
3 21 82.0
3 22 72.28
3 23 81.58
3 24 71.81
3 25 81.05
3 26 91.4
3 27 88.48
3 28 89.02
3 29 84.4
3 30 85.91
3 31 82.8
3 32 85.15
3 33 87.0
3 34 80.43
3 35 45.0
3 36 43.0
3 37 43.1
3 38 40.31
3 39 38.33
3 40 38.0
3 41 37.36
3 42 33.38
3 43 33.0
3 44 33.14
3 45 3.61
3 46 6.4
3 47 44.72
3 48 82.46
3 49 75.69
3 50 70.71
3 51 72.9
3 52 55.08
3 53 35.06
3 54 41.4
3 55 26.25
3 56 57.31
3 57 60.53
3 58 75.33
3 59 66.1
3 60 25.96
3 61 30.48
3 62 65.95
3 63 77.94
3 64 59.62
3 65 46.84
3 66 51.62
3 67 60.11
3 68 30.81
3 69 34.21
3 70 20.62
3 71 52.43
3 72 45.62
3 73 32.02
3 74 65.03
3 75 81.79
3 76 82.3
3 77 82.01
3 78 32.2
3 79 23.35
3 80 45.49
3 81 38.18
3 82 42.3
3 83 56.04
3 84 66.04
3 85 74.33
3 86 61.01
3 87 61.81
3 88 27.07
3 89 91.79
3 90 40.85
3 91 50.77
3 92 52.2
3 93 51.09
3 94 50.93
3 95 58.82
3 96 45.28
3 97 69.38
3 98 33.24
3 99 50.16
3 100 20.12
3 101 39.36
4 0 36.06
4 1 7.07
4 2 5.39
4 3 5.39
4 5 5.0
4 6 5.39
4 7 7.07
4 8 5.0
4 9 46.1
4 10 41.23
4 11 41.76
4 12 37.0
4 13 47.43
4 14 38.08
4 15 43.86
4 16 44.72
4 17 40.31
4 18 78.75
4 19 73.38
4 20 68.62
4 21 77.62
4 22 68.01
4 23 77.13
4 24 67.45
4 25 76.49
4 26 90.14
4 27 87.46
4 28 87.66
4 29 83.22
4 30 84.4
4 31 81.54
4 32 83.6
4 33 85.15
4 34 79.06
4 35 47.27
4 36 45.28
4 37 45.04
4 38 42.0
4 39 40.0
4 40 40.31
4 41 38.33
4 42 35.0
4 43 35.36
4 44 35.06
4 45 2.0
4 46 2.0
4 47 39.36
4 48 78.16
4 49 71.47
4 50 68.77
4 51 69.46
4 52 50.25
4 53 30.0
4 54 40.31
4 55 22.36
4 56 54.08
4 57 55.9
4 58 70.18
4 59 60.83
4 60 20.62
4 61 29.15
4 62 63.64
4 63 75.0
4 64 55.9
4 65 42.72
4 66 47.85
4 67 58.14
4 68 28.28
4 69 30.08
4 70 18.6
4 71 51.48
4 72 45.54
4 73 26.91
4 74 60.0
4 75 76.49
4 76 78.89
4 77 77.06
4 78 26.83
4 79 18.44
4 80 42.64
4 81 36.4
4 82 37.66
4 83 51.87
4 84 63.01
4 85 71.4
4 86 56.01
4 87 56.57
4 88 22.36
4 89 88.51
4 90 37.12
4 91 47.8
4 92 49.58
4 93 49.65
4 94 48.92
4 95 56.08
4 96 43.6
4 97 64.03
4 98 28.64
4 99 45.4
4 100 17.03
4 101 36.06
5 0 40.31
5 1 5.0
5 2 10.2
5 3 2.0
5 4 5.0
5 6 10.2
5 7 11.18
5 8 7.07
5 9 50.99
5 10 46.1
5 11 46.57
5 12 41.76
5 13 52.2
5 14 42.72
5 15 48.47
5 16 49.24
5 17 44.72
5 18 83.52
5 19 78.16
5 20 73.38
5 21 82.46
5 22 72.8
5 23 82.0
5 24 72.28
5 25 81.39
5 26 93.01
5 27 90.14
5 28 90.6
5 29 86.02
5 30 87.46
5 31 84.4
5 32 86.68
5 33 88.46
5 34 82.01
5 35 47.0
5 36 45.0
5 37 45.1
5 38 42.3
5 39 40.31
5 40 40.0
5 41 39.29
5 42 35.36
5 43 35.0
5 44 35.13
5 45 3.0
5 46 5.39
5 47 43.86
5 48 82.97
5 49 76.24
5 50 72.14
5 51 73.82
5 52 55.23
5 53 35.0
5 54 43.01
5 55 26.93
5 56 58.31
5 57 60.83
5 58 75.17
5 59 65.76
5 60 25.5
5 61 32.02
5 62 67.27
5 63 79.06
5 64 60.42
5 65 47.43
5 66 52.39
5 67 61.52
5 68 32.02
5 69 34.79
5 70 21.93
5 71 54.08
5 72 47.42
5 73 30.81
5 74 65.0
5 75 81.39
5 76 83.24
5 77 82.05
5 78 31.38
5 79 22.02
5 80 46.62
5 81 39.62
5 82 42.58
5 83 56.61
5 84 67.12
5 85 75.45
5 86 61.01
5 87 61.52
5 88 27.29
5 89 92.78
5 90 41.63
5 91 51.87
5 92 53.41
5 93 52.63
5 94 52.33
5 95 60.0
5 96 46.75
5 97 68.88
5 98 33.54
5 99 50.36
5 100 21.1
5 101 40.31
6 0 33.3
6 1 12.21
6 2 4.0
6 3 10.77
6 4 5.39
6 5 10.2
6 7 3.0
6 8 5.83
6 9 40.79
6 10 35.9
6 11 36.4
6 12 31.62
6 13 42.06
6 14 32.7
6 15 38.48
6 16 39.36
6 17 34.99
6 18 74.67
6 19 69.29
6 20 64.62
6 21 73.38
6 22 63.91
6 23 72.8
6 24 63.25
6 25 72.03
6 26 89.19
6 27 86.77
6 28 86.61
6 29 82.37
6 30 83.22
6 31 80.62
6 32 82.38
6 33 83.6
6 34 78.03
6 35 50.01
6 36 48.05
6 37 47.52
6 38 44.28
6 39 42.3
6 40 43.17
6 41 40.0
6 42 37.34
6 43 38.33
6 44 37.66
6 45 7.28
6 46 5.0
6 47 34.0
6 48 74.0
6 49 67.42
6 50 67.2
6 51 66.29
6 52 45.54
6 53 25.08
6 54 39.92
6 55 19.21
6 56 51.22
6 57 51.42
6 58 65.07
6 59 55.58
6 60 15.3
6 61 28.79
6 62 61.72
6 63 72.35
6 64 52.48
6 65 38.91
6 66 44.42
6 67 56.61
6 68 26.63
6 69 26.42
6 70 18.03
6 71 51.08
6 72 46.1
6 73 21.93
6 74 55.04
6 75 71.2
6 76 75.72
6 77 72.17
6 78 21.47
6 79 13.89
6 80 40.31
6 81 35.36
6 82 33.24
6 83 47.93
6 84 60.31
6 85 68.77
6 86 51.09
6 87 51.35
6 88 18.03
6 89 85.45
6 90 33.84
6 91 45.28
6 92 47.42
6 93 48.76
6 94 47.43
6 95 53.74
6 96 42.54
6 97 58.69
6 98 24.35
6 99 40.79
6 100 15.26
6 101 33.3
7 0 35.36
7 1 14.14
7 2 7.0
7 3 12.21
7 4 7.07
7 5 11.18
7 6 3.0
7 8 5.0
7 9 40.31
7 10 35.36
7 11 35.69
7 12 30.81
7 13 41.23
7 14 31.62
7 15 37.34
7 16 38.08
7 17 33.54
7 18 75.77
7 19 70.38
7 20 65.8
7 21 74.33
7 22 65.0
7 23 73.68
7 24 64.26
7 25 72.8
7 26 91.79
7 27 89.44
7 28 89.19
7 29 85.0
7 30 85.76
7 31 83.24
7 32 84.91
7 33 86.02
7 34 80.62
7 35 52.95
7 36 50.99
7 37 50.49
7 38 47.27
7 39 45.28
7 40 46.1
7 41 43.0
7 42 40.31
7 43 41.23
7 44 40.61
7 45 8.6
7 46 5.83
7 47 32.7
7 48 75.03
7 49 68.54
7 50 69.63
7 51 68.01
7 52 46.1
7 53 25.5
7 54 42.72
7 55 21.21
7 56 53.15
7 57 52.2
7 58 65.0
7 59 55.23
7 60 15.0
7 61 31.62
7 62 64.03
7 63 74.33
7 64 54.08
7 65 40.31
7 66 46.04
7 67 59.08
7 68 29.15
7 69 28.02
7 70 20.88
7 71 53.85
7 72 49.03
7 73 19.85
7 74 55.23
7 75 70.71
7 76 77.42
7 77 72.44
7 78 20.25
7 79 11.4
7 80 42.52
7 81 38.01
7 82 34.18
7 83 49.19
7 84 62.29
7 85 70.77
7 86 51.35
7 87 51.09
7 88 19.24
7 89 87.2
7 90 35.61
7 91 47.38
7 92 49.68
7 93 51.43
7 94 49.93
7 95 55.9
7 96 45.18
7 97 58.05
7 98 25.5
7 99 41.48
7 100 17.89
7 101 35.36
8 0 39.05
8 1 11.18
8 2 8.6
8 3 8.6
8 4 5.0
8 5 7.07
8 6 5.83
8 7 5.0
8 9 45.28
8 10 40.31
8 11 40.61
8 12 35.69
8 13 46.1
8 14 36.4
8 15 42.06
8 16 42.72
8 17 38.08
8 18 80.41
8 19 75.03
8 20 70.38
8 21 79.06
8 22 69.64
8 23 78.45
8 24 68.95
8 25 77.62
8 26 94.34
8 27 91.79
8 28 91.81
8 29 87.46
8 30 88.48
8 31 85.76
8 32 87.66
8 33 89.02
8 34 83.22
8 35 52.24
8 36 50.25
8 37 50.04
8 38 47.0
8 39 45.0
8 40 45.28
8 41 43.29
8 42 40.0
8 43 40.31
8 44 40.05
8 45 5.39
8 46 3.0
8 47 37.34
8 48 79.71
8 49 73.16
8 50 72.62
8 51 72.11
8 52 50.99
8 53 30.41
8 54 44.72
8 55 25.0
8 56 57.01
8 57 57.01
8 58 70.0
8 59 60.21
8 60 20.0
8 61 33.54
8 62 67.27
8 63 78.1
8 64 58.31
8 65 44.72
8 66 50.25
8 67 62.01
8 68 32.02
8 69 32.25
8 70 22.83
8 71 55.9
8 72 50.29
8 73 23.85
8 74 60.21
8 75 75.66
8 76 81.54
8 77 77.41
8 78 25.0
8 79 15.0
8 80 45.97
8 81 40.5
8 82 38.9
8 83 53.71
8 84 66.07
8 85 74.52
8 86 56.32
8 87 56.08
8 88 23.77
8 89 91.26
8 90 39.66
8 91 50.99
8 92 53.04
8 93 53.85
8 94 52.8
8 95 59.41
8 96 47.71
8 97 62.97
8 98 30.08
8 99 46.32
8 100 20.62
8 101 39.05
9 0 33.54
9 1 52.2
9 2 41.76
9 3 51.42
9 4 46.1
9 5 50.99
9 6 40.79
9 7 40.31
9 8 45.28
9 10 5.0
9 11 5.39
9 12 10.2
9 13 5.0
9 14 11.18
9 15 9.43
9 16 11.18
9 17 14.14
9 18 45.34
9 19 40.61
9 20 37.74
9 21 42.43
9 22 36.06
9 23 41.04
9 24 34.41
9 25 39.05
9 26 85.15
9 27 85.0
9 28 82.15
9 29 80.0
9 30 78.16
9 31 78.0
9 32 77.16
9 33 75.66
9 34 75.0
9 35 75.82
9 36 74.33
9 37 72.35
9 38 68.77
9 39 67.27
9 40 70.71
9 41 62.48
9 42 63.64
9 43 67.27
9 44 65.07
9 45 48.05
9 46 45.71
9 47 12.81
9 48 43.86
9 49 39.41
9 50 62.0
9 51 47.43
9 52 15.81
9 53 18.03
9 54 51.48
9 55 32.02
9 56 40.0
9 57 22.36
9 58 25.5
9 59 15.0
9 60 25.5
9 61 46.1
9 62 55.0
9 63 57.01
9 64 35.36
9 65 25.5
9 66 31.06
9 67 54.45
9 68 39.05
9 69 27.02
9 70 42.2
9 71 58.52
9 72 60.9
9 73 26.25
9 74 18.03
9 75 30.41
9 76 55.04
9 77 34.54
9 78 21.1
9 79 33.24
9 80 38.9
9 81 45.28
9 82 18.79
9 83 27.29
9 84 47.38
9 85 54.34
9 86 15.56
9 87 11.18
9 88 26.93
9 89 64.41
9 90 29.55
9 91 39.62
9 92 43.74
9 93 53.76
9 94 48.76
9 95 46.04
9 96 48.85
9 97 18.03
9 98 23.35
9 99 16.0
9 100 38.28
9 101 33.54
10 0 31.62
10 1 47.43
10 2 37.0
10 3 46.57
10 4 41.23
10 5 46.1
10 6 35.9
10 7 35.36
10 8 40.31
10 9 5.0
10 11 2.0
10 12 5.39
10 13 7.07
10 14 7.07
10 15 8.0
10 16 10.0
10 17 11.18
10 18 48.8
10 19 43.86
10 20 40.61
10 21 46.1
10 22 39.05
10 23 44.82
10 24 37.54
10 25 43.01
10 26 85.59
10 27 85.15
10 28 82.61
10 29 80.16
10 30 78.64
10 31 78.16
10 32 77.65
10 33 76.49
10 34 75.17
10 35 72.62
10 36 71.06
10 37 69.2
10 38 65.6
10 39 64.03
10 40 67.27
10 41 59.41
10 42 60.21
10 43 63.64
10 44 61.55
10 45 43.17
10 46 40.79
10 47 9.43
10 48 47.42
10 49 42.52
10 50 62.2
10 51 49.24
10 52 18.03
10 53 14.14
10 54 49.24
10 55 28.28
10 56 40.31
10 57 25.0
10 58 30.41
10 59 20.0
10 60 20.62
10 61 43.01
10 62 55.23
10 63 58.52
10 64 36.4
10 65 25.0
10 66 31.14
10 67 54.04
10 68 36.06
10 69 24.19
10 70 38.29
10 71 57.01
10 72 58.6
10 73 21.54
10 74 22.36
10 75 35.36
10 76 57.31
10 77 39.22
10 78 16.12
10 79 28.28
10 80 37.66
10 81 42.95
10 82 17.26
10 83 28.46
10 84 48.27
10 85 55.66
10 86 19.42
10 87 16.12
10 88 22.8
10 89 66.89
10 90 27.89
10 91 39.05
10 92 43.1
10 93 52.39
10 94 47.68
10 95 46.1
10 96 47.13
10 97 22.8
10 98 20.0
10 99 16.76
10 100 34.21
10 101 31.62
11 0 33.53
11 1 48.1
11 2 37.7
11 3 47.13
11 4 41.76
11 5 46.57
11 6 36.4
11 7 35.69
11 8 40.61
11 9 5.39
11 10 2.0
11 12 5.0
11 13 5.83
11 14 5.83
11 15 6.0
11 16 8.0
11 17 9.43
11 18 50.21
11 19 45.34
11 20 42.2
11 21 47.42
11 22 40.61
11 23 46.1
11 24 39.05
11 25 44.2
11 26 87.57
11 27 87.14
11 28 84.59
11 29 82.15
11 30 80.62
11 31 80.16
11 32 79.63
11 33 78.45
11 34 77.16
11 35 74.2
11 36 72.62
11 37 70.8
11 38 67.2
11 39 65.6
11 40 68.77
11 41 61.03
11 42 61.72
11 43 65.07
11 44 63.03
11 45 43.68
11 46 41.23
11 47 7.81
11 48 48.8
11 49 44.05
11 50 64.2
11 51 51.08
11 52 19.72
11 53 15.62
11 54 51.08
11 55 29.73
11 56 42.3
11 57 26.63
11 58 30.81
11 59 20.1
11 60 21.19
11 61 44.65
11 62 57.22
11 63 60.41
11 64 38.33
11 65 27.0
11 66 33.14
11 67 56.04
11 68 37.74
11 69 25.94
11 70 39.62
11 71 58.94
11 72 60.42
11 73 20.88
11 74 23.32
11 75 35.13
11 76 59.06
11 77 39.92
11 78 16.0
11 79 28.07
11 80 39.62
11 81 44.78
11 82 19.24
11 83 30.36
11 84 50.22
11 85 57.57
11 86 20.62
11 87 16.49
11 88 24.08
11 89 68.6
11 90 29.83
11 91 41.05
11 92 45.1
11 93 54.34
11 94 49.65
11 95 48.09
11 96 49.04
11 97 22.36
11 98 21.63
11 99 18.68
11 100 35.47
11 101 33.53
12 0 32.39
12 1 43.46
12 2 33.11
12 3 42.38
12 4 37.0
12 5 41.76
12 6 31.62
12 7 30.81
12 8 35.69
12 9 10.2
12 10 5.39
12 11 5.0
12 13 10.44
12 14 3.0
12 15 7.81
12 16 9.43
12 17 8.0
12 18 53.81
12 19 48.8
12 20 45.34
12 21 51.22
12 22 43.86
12 23 50.0
12 24 42.43
12 25 48.26
12 26 88.28
12 27 87.57
12 28 85.33
12 29 82.61
12 30 81.39
12 31 80.62
12 32 80.41
12 33 79.56
12 34 77.65
12 35 71.28
12 36 69.63
12 37 67.96
12 38 64.35
12 39 62.68
12 40 65.6
12 41 58.31
12 42 58.6
12 43 61.72
12 44 59.82
12 45 38.9
12 46 36.4
12 47 6.0
12 48 52.5
12 49 47.38
12 50 64.78
12 51 53.24
12 52 22.67
12 53 13.0
12 54 49.34
12 55 26.63
12 56 43.17
12 57 29.73
12 58 35.69
12 59 25.08
12 60 16.55
12 61 42.06
12 62 57.87
12 63 62.24
12 64 39.92
12 65 27.46
12 66 33.96
12 67 56.08
12 68 35.34
12 69 24.04
12 70 36.12
12 71 57.87
12 72 58.52
12 73 16.16
12 74 27.73
12 75 40.11
12 76 61.59
12 77 44.6
12 78 11.0
12 79 23.09
12 80 39.05
12 81 43.01
12 82 19.1
12 83 32.2
12 84 51.55
12 85 59.24
12 86 24.7
12 87 21.38
12 88 20.62
12 89 71.28
12 90 29.07
12 91 41.11
12 92 45.04
12 93 53.46
12 94 49.09
12 95 48.66
12 96 47.85
12 97 27.29
12 98 19.31
12 99 20.59
12 100 31.83
12 101 32.39
13 0 38.08
13 1 53.85
13 2 43.46
13 3 52.81
13 4 47.43
13 5 52.2
13 6 42.06
13 7 41.23
13 8 46.1
13 9 5.0
13 10 7.07
13 11 5.83
13 12 10.44
13 14 10.0
13 15 5.83
13 16 7.07
13 17 11.18
13 18 49.2
13 19 44.65
13 20 42.06
13 21 46.1
13 22 40.31
13 23 44.6
13 24 38.59
13 25 42.43
13 26 90.14
13 27 90.0
13 28 87.14
13 29 85.0
13 30 83.15
13 31 83.0
13 32 82.15
13 33 80.62
13 34 80.0
13 35 79.65
13 36 78.1
13 37 76.22
13 38 72.62
13 39 71.06
13 40 74.33
13 41 66.4
13 42 67.27
13 43 70.71
13 44 68.62
13 45 49.34
13 46 46.84
13 47 10.44
13 48 47.63
13 49 43.57
13 50 67.0
13 51 52.2
13 52 20.62
13 53 21.21
13 54 55.9
13 55 35.36
13 56 45.0
13 57 26.93
13 58 26.93
13 59 15.81
13 60 26.93
13 61 50.0
13 62 60.0
13 63 61.85
13 64 40.31
13 65 30.41
13 66 36.06
13 67 59.41
13 68 43.01
13 69 31.06
13 70 45.34
13 71 63.25
13 72 65.3
13 73 25.18
13 74 21.21
13 75 30.0
13 76 59.62
13 77 36.72
13 78 21.21
13 79 33.02
13 80 43.68
13 81 49.65
13 82 23.41
13 83 32.25
13 84 52.35
13 85 59.23
13 86 19.42
13 87 13.04
13 88 29.83
13 89 68.88
13 90 34.18
13 91 44.55
13 92 48.66
13 93 58.52
13 94 53.6
13 95 51.04
13 96 53.49
13 97 17.03
13 98 27.02
13 99 21.0
13 100 41.23
13 101 38.08
14 0 35.36
14 1 44.72
14 2 34.48
14 3 43.46
14 4 38.08
14 5 42.72
14 6 32.7
14 7 31.62
14 8 36.4
14 9 11.18
14 10 7.07
14 11 5.83
14 12 3.0
14 13 10.0
14 15 5.83
14 16 7.07
14 17 5.0
14 18 55.87
14 19 50.93
14 20 47.63
14 21 53.15
14 22 46.1
14 23 51.86
14 24 44.6
14 25 50.0
14 26 91.24
14 27 90.55
14 28 88.28
14 29 85.59
14 30 84.34
14 31 83.6
14 32 83.36
14 33 82.46
14 34 80.62
14 35 73.78
14 36 72.11
14 37 70.49
14 38 66.89
14 39 65.19
14 40 68.01
14 41 60.9
14 42 61.03
14 43 64.03
14 44 62.2
14 45 39.92
14 46 37.34
14 47 3.0
14 48 54.49
14 49 49.58
14 50 67.74
14 51 55.9
14 52 25.0
14 53 15.81
14 54 52.2
14 55 29.15
14 56 46.1
14 57 32.02
14 58 36.4
14 59 25.5
14 60 18.03
14 61 44.72
14 62 60.83
14 63 65.0
14 64 42.72
14 65 30.41
14 66 36.88
14 67 59.08
14 68 38.08
14 69 26.93
14 70 38.42
14 71 60.83
14 72 61.35
14 73 15.3
14 74 29.15
14 75 40.0
14 76 64.14
14 77 45.69
14 78 11.4
14 79 23.02
14 80 42.05
14 81 45.88
14 82 22.09
14 83 34.93
14 84 54.41
14 85 62.03
14 86 26.4
14 87 22.14
14 88 23.02
14 89 73.78
14 90 32.06
14 91 44.1
14 92 48.04
14 93 56.44
14 94 52.09
14 95 51.62
14 96 50.8
14 97 27.02
14 98 22.14
14 99 23.26
14 100 34.06
14 101 35.36
15 0 39.29
15 1 50.54
15 2 40.31
15 3 49.24
15 4 43.86
15 5 48.47
15 6 38.48
15 7 37.34
15 8 42.06
15 9 9.43
15 10 8.0
15 11 6.0
15 12 7.81
15 13 5.83
15 14 5.83
15 16 2.0
15 17 5.39
15 18 54.67
15 19 50.0
15 20 47.17
15 21 51.66
15 22 45.49
15 23 50.21
15 24 43.83
15 25 48.1
15 26 93.54
15 27 93.13
15 28 90.55
15 29 88.14
15 30 86.58
15 31 86.15
15 32 85.59
15 33 84.34
15 34 83.15
15 35 79.06
15 36 77.42
15 37 75.72
15 38 72.11
15 39 70.46
15 40 73.41
15 41 66.04
15 42 66.4
15 43 69.53
15 44 67.62
15 45 45.69
15 46 43.08
15 47 5.0
15 48 53.15
15 49 48.83
15 50 70.18
15 51 56.65
15 52 25.08
15 53 20.59
15 54 56.65
15 55 34.41
15 56 48.26
15 57 31.76
15 58 32.7
15 59 21.54
15 60 23.85
15 61 49.74
15 62 63.2
15 63 66.1
15 64 44.15
15 65 33.0
15 66 39.12
15 67 62.03
15 68 42.94
15 69 31.38
15 70 43.93
15 71 64.76
15 72 65.92
15 73 20.0
15 74 26.91
15 75 35.13
15 76 64.4
15 77 42.54
15 78 17.09
15 79 28.28
15 80 45.54
15 81 50.33
15 82 25.18
15 83 36.14
15 84 56.09
15 85 63.32
15 86 24.84
15 87 18.87
15 88 28.43
15 89 73.82
15 90 35.69
15 91 47.04
15 92 51.09
15 93 60.21
15 94 55.58
15 95 54.08
15 96 54.82
15 97 22.09
15 98 26.83
15 99 24.52
15 100 39.62
15 101 39.29
16 0 41.23
16 1 51.48
16 2 41.34
16 3 50.09
16 4 44.72
16 5 49.24
16 6 39.36
16 7 38.08
16 8 42.72
16 9 11.18
16 10 10.0
16 11 8.0
16 12 9.43
16 13 7.07
16 14 7.07
16 15 2.0
16 17 5.0
16 18 56.22
16 19 51.61
16 20 48.88
16 21 53.15
16 22 47.17
16 23 51.66
16 24 45.49
16 25 49.5
16 26 95.52
16 27 95.13
16 28 92.54
16 29 90.14
16 30 88.57
16 31 88.14
16 32 87.57
16 33 86.31
16 34 85.15
16 35 80.71
16 36 79.06
16 37 77.39
16 38 73.78
16 39 72.11
16 40 75.0
16 41 67.74
16 42 68.01
16 43 71.06
16 44 69.2
16 45 46.52
16 46 43.86
16 47 5.39
16 48 54.67
16 49 50.48
16 50 72.17
16 51 58.52
16 52 26.93
16 53 22.36
16 54 58.52
16 55 36.06
16 56 50.25
16 57 33.54
16 58 33.54
16 59 22.36
16 60 25.0
16 61 51.48
16 62 65.19
16 63 68.01
16 64 46.1
16 65 35.0
16 66 41.11
16 67 64.03
16 68 44.72
16 69 33.24
16 70 45.45
16 71 66.71
16 72 67.78
16 73 20.1
16 74 28.28
16 75 35.36
16 76 66.21
16 77 43.57
16 78 17.89
16 79 28.64
16 80 47.52
16 81 52.2
16 82 27.17
16 83 38.08
16 84 58.05
16 85 65.25
16 86 26.4
16 87 20.0
16 88 30.0
16 89 75.59
16 90 37.66
16 91 49.04
16 92 53.08
16 93 62.17
16 94 57.56
16 95 56.08
16 96 56.75
16 97 22.36
16 98 28.64
16 99 26.48
16 100 41.11
16 101 41.23
17 0 40.31
17 1 47.17
17 2 37.2
17 3 45.65
17 4 40.31
17 5 44.72
17 6 34.99
17 7 33.54
17 8 38.08
17 9 14.14
17 10 11.18
17 11 9.43
17 12 8.0
17 13 11.18
17 14 5.0
17 15 5.39
17 16 5.0
17 18 59.46
17 19 54.67
17 20 51.61
17 21 56.57
17 22 50.0
17 23 55.17
17 24 48.41
17 25 53.15
17 26 96.18
17 27 95.52
17 28 93.21
17 29 90.55
17 30 89.27
17 31 88.57
17 32 88.28
17 33 87.32
17 34 85.59
17 35 78.03
17 36 76.32
17 37 74.79
17 38 71.2
17 39 69.46
17 40 72.11
17 41 65.3
17 42 65.19
17 43 68.01
17 44 66.29
17 45 42.06
17 46 39.36
17 47 2.0
17 48 58.0
17 49 53.41
17 50 72.69
17 51 60.42
17 52 29.15
17 53 20.62
17 54 57.01
17 55 33.54
17 56 50.99
17 57 36.06
17 58 38.08
17 59 26.93
17 60 21.21
17 61 49.24
17 62 65.76
17 63 69.64
17 64 47.43
17 65 35.36
17 66 41.77
17 67 64.07
17 68 42.72
17 69 31.78
17 70 42.44
17 71 65.76
17 72 66.1
17 73 15.13
17 74 32.02
17 75 40.31
17 76 68.48
17 77 47.89
17 78 13.6
17 79 23.77
17 80 47.04
17 81 50.7
17 82 27.07
17 83 39.56
17 84 59.2
17 85 66.73
17 86 29.7
17 87 24.19
17 88 27.29
17 89 78.03
17 90 37.05
17 91 49.09
17 92 53.04
17 93 61.4
17 94 57.08
17 95 56.57
17 96 55.73
17 97 27.29
17 98 26.93
17 99 27.86
17 100 38.01
17 101 40.31
18 0 45.18
18 1 82.23
18 2 73.38
18 3 82.97
18 4 78.75
18 5 83.52
18 6 74.67
18 7 75.77
18 8 80.41
18 9 45.34
18 10 48.8
18 11 50.21
18 12 53.81
18 13 49.2
18 14 55.87
18 15 54.67
18 16 56.22
18 17 59.46
18 19 5.39
18 20 10.2
18 21 4.0
18 22 10.77
18 23 6.0
18 24 11.66
18 25 9.0
18 26 56.8
18 27 59.17
18 28 54.12
18 29 54.92
18 30 50.61
18 31 53.25
18 32 49.74
18 33 45.62
18 34 50.8
18 35 83.24
18 36 82.71
18 37 79.81
18 38 77.13
18 39 76.69
18 40 81.58
18 41 71.39
18 42 75.8
18 43 80.75
18 44 77.78
18 45 80.65
18 46 79.38
18 47 58.0
18 48 2.0
18 49 7.28
18 50 41.04
18 51 18.6
18 52 31.4
18 53 51.0
18 54 56.09
18 55 56.75
18 56 30.59
18 57 24.41
18 58 29.43
18 59 37.16
18 60 62.18
18 61 60.01
18 62 36.62
18 63 25.81
18 64 25.02
18 65 36.14
18 66 32.14
18 67 42.06
18 68 55.15
18 69 48.76
18 70 64.63
18 71 54.23
18 72 62.94
18 73 69.2
18 74 28.3
18 75 39.0
18 76 17.46
18 77 21.1
18 78 62.43
18 79 73.57
18 80 42.11
18 81 53.24
18 82 41.63
18 83 26.93
18 84 27.29
18 85 26.17
18 86 29.83
18 87 37.22
18 88 56.65
18 89 23.0
18 90 42.58
18 91 37.34
18 92 39.05
18 93 49.98
18 94 44.92
18 95 34.18
18 96 50.22
18 97 42.06
18 98 50.33
18 99 34.99
18 100 63.35
18 101 45.18
19 0 40.05
19 1 76.9
19 2 68.01
19 3 77.62
19 4 73.38
19 5 78.16
19 6 69.29
19 7 70.38
19 8 75.03
19 9 40.61
19 10 43.86
19 11 45.34
19 12 48.8
19 13 44.65
19 14 50.93
19 15 50.0
19 16 51.61
19 17 54.67
19 18 5.39
19 20 5.0
19 21 5.39
19 22 5.39
19 23 6.4
19 24 6.4
19 25 8.6
19 26 56.65
19 27 58.6
19 28 53.85
19 29 54.12
19 30 50.16
19 31 52.35
19 32 49.24
19 33 45.54
19 34 49.74
19 35 79.06
19 36 78.45
19 37 75.58
19 38 72.8
19 39 72.28
19 40 77.13
19 41 66.94
19 42 71.2
19 43 76.12
19 44 73.16
19 45 75.29
19 46 74.0
19 47 53.15
19 48 5.0
19 49 2.0
19 50 39.05
19 51 16.4
19 52 26.25
19 53 45.65
19 54 51.66
19 55 51.42
19 56 26.25
19 57 19.21
19 58 27.0
19 59 33.53
19 60 56.82
19 61 55.08
19 62 33.97
19 63 25.08
19 64 20.22
19 65 30.81
19 66 27.02
19 67 38.83
19 68 50.04
19 69 43.42
19 70 59.41
19 71 50.54
19 72 58.87
19 73 64.03
19 74 24.17
19 75 37.34
19 76 18.11
19 77 20.25
19 78 57.2
19 79 68.26
19 80 37.34
19 81 48.51
19 82 36.25
19 83 21.59
19 84 24.21
19 85 24.7
19 86 25.24
19 87 33.11
19 88 51.26
19 89 25.5
19 90 37.34
19 91 32.76
19 92 34.79
19 93 46.1
19 94 40.85
19 95 30.41
19 96 45.88
19 97 38.83
19 98 44.94
19 99 29.68
19 100 58.05
19 101 40.05
20 0 35.06
20 1 72.03
20 2 63.25
20 3 72.8
20 4 68.62
20 5 73.38
20 6 64.62
20 7 65.8
20 8 70.38
20 9 37.74
20 10 40.61
20 11 42.2
20 12 45.34
20 13 42.06
20 14 47.63
20 15 47.17
20 16 48.88
20 17 51.61
20 18 10.2
20 19 5.0
20 21 10.2
20 22 2.0
20 23 10.77
20 24 4.0
20 25 12.21
20 26 55.08
20 27 56.65
20 28 52.2
20 29 52.0
20 30 48.38
20 31 50.16
20 32 47.43
20 33 44.15
20 34 47.42
20 35 74.33
20 36 73.68
20 37 70.84
20 38 68.01
20 39 67.45
20 40 72.28
20 41 62.1
20 42 66.29
20 43 71.2
20 44 68.25
20 45 70.52
20 46 69.29
20 47 50.0
20 48 10.0
20 49 3.0
20 50 36.06
20 51 13.93
20 52 22.67
20 53 41.34
20 54 46.84
20 55 46.57
20 56 21.54
20 57 15.62
20 58 27.46
20 59 32.39
20 60 52.48
20 61 50.09
20 62 30.48
20 63 23.54
20 64 15.3
20 65 25.96
20 66 22.02
20 67 34.83
20 68 45.04
20 69 38.6
20 70 54.45
20 71 46.14
20 72 54.23
20 73 60.21
20 74 22.56
20 75 38.33
20 76 18.25
20 77 22.47
20 78 53.26
20 79 64.07
20 80 32.39
20 81 43.57
20 82 31.76
20 83 16.76
20 84 20.52
20 85 22.47
20 86 22.85
20 87 31.32
20 88 46.62
20 89 26.93
20 90 32.39
20 91 27.89
20 92 30.08
20 93 41.59
20 94 36.25
20 95 26.08
20 96 41.11
20 97 38.12
20 98 40.31
20 99 25.61
20 100 53.15
20 101 35.06
21 0 45.0
21 1 81.39
21 2 72.28
21 3 82.0
21 4 77.62
21 5 82.46
21 6 73.38
21 7 74.33
21 8 79.06
21 9 42.43
21 10 46.1
21 11 47.42
21 12 51.22
21 13 46.1
21 14 53.15
21 15 51.66
21 16 53.15
21 17 56.57
21 18 4.0
21 19 5.39
21 20 10.2
21 22 10.0
21 23 2.0
21 24 10.2
21 25 5.0
21 26 60.42
21 27 62.65
21 28 57.7
21 29 58.31
21 30 54.12
21 31 56.6
21 32 53.24
21 33 49.24
21 34 54.08
21 35 84.43
21 36 83.82
21 37 80.96
21 38 78.16
21 39 77.62
21 40 82.46
21 41 72.28
21 42 76.49
21 43 81.39
21 44 78.45
21 45 79.56
21 46 78.16
21 47 55.17
21 48 2.0
21 49 7.28
21 50 43.86
21 51 21.21
21 52 29.15
21 53 49.24
21 54 57.01
21 55 55.9
21 56 31.62
21 57 22.36
21 58 25.5
21 59 33.54
21 60 60.42
21 61 60.21
21 62 39.05
21 63 29.15
21 64 25.5
21 65 35.36
21 66 32.02
21 67 44.1
21 68 55.0
21 69 47.85
21 70 64.2
21 71 55.9
21 72 64.26
21 73 66.85
21 74 25.0
21 75 35.0
21 76 21.19
21 77 17.12
21 78 60.21
21 79 71.59
21 80 42.58
21 81 53.76
21 82 40.16
21 83 26.17
21 84 29.41
21 85 29.21
21 86 26.87
21 87 33.84
21 88 55.36
21 89 27.0
21 90 42.11
21 91 38.08
21 92 40.16
21 93 51.48
21 94 46.24
21 95 35.78
21 96 51.24
21 97 38.28
21 98 49.04
21 99 33.11
21 100 62.65
21 101 45.0
22 0 35.0
22 1 71.59
22 2 62.64
22 3 72.28
22 4 68.01
22 5 72.8
22 6 63.91
22 7 65.0
22 8 69.64
22 9 36.06
22 10 39.05
22 11 40.61
22 12 43.86
22 13 40.31
22 14 46.1
22 15 45.49
22 16 47.17
22 17 50.0
22 18 10.77
22 19 5.39
22 20 2.0
22 21 10.0
22 23 10.2
22 24 2.0
22 25 11.18
22 26 57.01
22 27 58.52
22 28 54.12
22 29 53.85
22 30 50.29
22 31 52.0
22 32 49.34
22 33 46.1
22 34 49.24
22 35 75.03
22 36 74.33
22 37 71.51
22 38 68.62
22 39 68.01
22 40 72.8
22 41 62.64
22 42 66.71
22 43 71.59
22 44 68.66
22 45 69.92
22 46 68.62
22 47 48.41
22 48 10.2
22 49 3.61
22 50 37.74
22 51 15.81
22 52 21.21
22 53 40.31
22 54 47.43
22 55 46.1
22 56 22.36
22 57 14.14
22 58 25.5
22 59 30.41
22 60 51.48
22 61 50.25
22 62 32.02
22 63 25.5
22 64 15.81
22 65 25.5
22 66 22.02
22 67 36.12
22 68 45.0
22 69 38.08
22 70 54.23
22 71 47.17
22 72 55.04
22 73 58.9
22 74 20.62
22 75 36.4
22 76 20.22
22 77 20.81
22 78 52.01
22 79 62.97
22 80 32.76
22 81 43.93
22 82 30.87
22 83 16.28
22 84 22.02
22 85 24.35
22 86 21.02
22 87 29.41
22 88 45.88
22 89 28.79
22 90 32.14
22 91 28.46
22 92 30.87
22 93 42.54
22 94 37.12
22 95 27.2
22 96 41.79
22 97 36.12
22 98 39.56
22 99 24.41
22 100 52.77
22 101 35.0
23 0 45.04
23 1 81.05
23 2 71.81
23 3 81.58
23 4 77.13
23 5 82.0
23 6 72.8
23 7 73.68
23 8 78.45
23 9 41.04
23 10 44.82
23 11 46.1
23 12 50.0
23 13 44.6
23 14 51.86
23 15 50.21
23 16 51.66
23 17 55.17
23 18 6.0
23 19 6.4
23 20 10.77
23 21 2.0
23 22 10.2
23 24 10.0
23 25 3.0
23 26 62.24
23 27 64.41
23 28 59.51
23 29 60.03
23 30 55.9
23 31 58.31
23 32 55.01
23 33 51.08
23 34 55.76
23 35 85.09
23 36 84.43
23 37 81.6
23 38 78.75
23 39 78.16
23 40 82.97
23 41 72.8
23 42 76.9
23 43 81.79
23 44 78.85
23 45 79.08
23 46 77.62
23 47 53.81
23 48 4.0
23 49 8.06
23 50 45.34
23 51 22.67
23 52 28.18
23 53 48.47
23 54 57.57
23 55 55.58
23 56 32.31
23 57 21.54
23 58 23.54
23 59 31.76
23 60 59.62
23 61 60.41
23 62 40.36
23 63 30.89
23 64 25.96
23 65 35.13
23 66 32.14
23 67 45.22
23 68 55.04
23 69 47.52
23 70 64.07
23 71 56.82
23 72 65.0
23 73 65.73
23 74 23.43
23 75 33.0
23 76 23.09
23 77 15.13
23 78 59.17
23 79 70.66
23 80 42.95
23 81 54.13
23 82 39.56
23 83 26.02
23 84 30.61
23 85 30.81
23 86 25.5
23 87 32.2
23 88 54.82
23 89 29.0
23 90 42.01
23 91 38.6
23 92 40.85
23 93 52.33
23 94 47.01
23 95 36.72
23 96 51.87
23 97 36.4
23 98 48.51
23 99 32.31
23 100 62.39
23 101 45.04
24 0 35.06
24 1 71.2
24 2 62.1
24 3 71.81
24 4 67.45
24 5 72.28
24 6 63.25
24 7 64.26
24 8 68.95
24 9 34.41
24 10 37.54
24 11 39.05
24 12 42.43
24 13 38.59
24 14 44.6
24 15 43.83
24 16 45.49
24 17 48.41
24 18 11.66
24 19 6.4
24 20 4.0
24 21 10.2
24 22 2.0
24 23 10.0
24 25 10.44
24 26 58.94
24 27 60.41
24 28 56.04
24 29 55.71
24 30 52.2
24 31 53.85
24 32 51.24
24 33 48.05
24 34 51.08
24 35 75.77
24 36 75.03
24 37 72.24
24 38 69.29
24 39 68.62
24 40 73.38
24 41 63.25
24 42 67.19
24 43 72.03
24 44 69.12
24 45 69.38
24 46 68.01
24 47 46.86
24 48 10.77
24 49 5.0
24 50 39.45
24 51 17.72
24 52 19.85
24 53 39.36
24 54 48.1
24 55 45.71
24 56 23.32
24 57 12.81
24 58 23.54
24 59 28.44
24 60 50.54
24 61 50.49
24 62 33.6
24 63 27.46
24 64 16.55
24 65 25.18
24 66 22.2
24 67 37.48
24 68 45.04
24 69 37.66
24 70 54.08
24 71 48.26
24 72 55.9
24 73 57.63
24 74 18.68
24 75 34.48
24 76 22.2
24 77 19.21
24 78 50.8
24 79 61.91
24 80 33.24
24 81 44.38
24 82 30.08
24 83 16.03
24 84 23.6
24 85 26.25
24 86 19.24
24 87 27.51
24 88 45.22
24 89 30.68
24 90 32.02
24 91 29.15
24 92 31.76
24 93 43.57
24 94 38.08
24 95 28.43
24 96 42.54
24 97 34.13
24 98 38.9
24 99 23.32
24 100 52.47
24 101 35.06
25 0 45.28
25 1 80.62
25 2 71.2
25 3 81.05
25 4 76.49
25 5 81.39
25 6 72.03
25 7 72.8
25 8 77.62
25 9 39.05
25 10 43.01
25 11 44.2
25 12 48.26
25 13 42.43
25 14 50.0
25 15 48.1
25 16 49.5
25 17 53.15
25 18 9.0
25 19 8.6
25 20 12.21
25 21 5.0
25 22 11.18
25 23 3.0
25 24 10.44
25 26 65.0
25 27 67.08
25 28 62.24
25 29 62.65
25 30 58.6
25 31 60.9
25 32 57.7
25 33 53.85
25 34 58.31
25 35 86.16
25 36 85.44
25 37 82.64
25 38 79.71
25 39 79.06
25 40 83.82
25 41 73.68
25 42 77.62
25 43 82.46
25 44 79.56
25 45 78.45
25 46 76.9
25 47 51.86
25 48 7.0
25 49 9.9
25 50 47.63
25 51 25.0
25 52 26.93
25 53 47.43
25 54 58.52
25 55 55.23
25 56 33.54
25 57 20.62
25 58 20.62
25 59 29.15
25 60 58.52
25 61 60.83
25 62 42.43
25 63 33.54
25 64 26.93
25 65 35.0
25 66 32.56
25 67 47.01
25 68 55.23
25 69 47.17
25 70 64.0
25 71 58.31
25 72 66.21
25 73 64.14
25 74 21.21
25 75 30.0
25 76 25.96
25 77 12.17
25 78 57.71
25 79 69.35
25 80 43.68
25 81 54.82
25 82 38.83
25 83 26.08
25 84 32.56
25 85 33.29
25 86 23.6
25 87 29.83
25 88 54.13
25 89 32.0
25 90 42.05
25 91 39.56
25 92 42.05
25 93 53.71
25 94 48.3
25 95 38.28
25 96 52.92
25 97 33.62
25 98 47.85
25 99 31.32
25 100 62.13
25 101 45.28
26 0 58.52
26 1 89.02
26 2 85.76
26 3 91.4
26 4 90.14
26 5 93.01
26 6 89.19
26 7 91.79
26 8 94.34
26 9 85.15
26 10 85.59
26 11 87.57
26 12 88.28
26 13 90.14
26 14 91.24
26 15 93.54
26 16 95.52
26 17 96.18
26 18 56.8
26 19 56.65
26 20 55.08
26 21 60.42
26 22 57.01
26 23 62.24
26 24 58.94
26 25 65.0
26 27 5.0
26 28 3.0
26 29 7.07
26 30 7.0
26 31 8.6
26 32 8.0
26 33 11.18
26 34 11.18
26 35 61.72
26 36 62.65
26 37 60.03
26 38 59.91
26 39 61.03
26 40 65.19
26 41 58.26
26 42 64.03
26 43 68.01
26 44 65.6
26 45 91.26
26 46 91.81
26 47 94.2
26 48 58.6
26 49 55.97
26 50 23.54
26 51 41.23
26 52 70.0
26 53 77.62
26 54 50.0
26 55 71.59
26 56 45.28
26 57 65.19
26 58 82.46
26 59 85.59
26 60 85.44
26 61 61.03
26 62 30.41
